100 2
101 2
102 2
103 1
104 1
105 2
106 2
107 1
108 1
109 2
110 1
111 1
112 1
113 1
114 1
115 1
116 1
117 1
118 1
119 2
120 2
121 1
122 2
123 2
124 2
125 1
126 1
127 1
128 1
129 1
130 1
131 2
132 2
133 1
134 2
135 2
136 2
137 1
138 1
139 2
140 1
141 2
142 2
143 2
144 2
145 1
146 2
147 1
148 1
149 1
150 1
151 1
152 2
153 2
154 1
155 2
156 2
157 2
158 2
159 2
160 2
161 1
162 1
163 1
164 2
165 2
166 2
167 2
168 3
169 2
170 2
171 1
172 2
173 2
174 2
175 2
176 2
177 1
178 2
179 2
180 1
181 1
182 2
183 1
184 2
185 3
186 2
187 2
188 2
189 2
190 1
191 1
192 2
193 2
194 1
195 2
196 2
197 2
198 1
199 2
200 1
201 1
202 2
203 2
204 2
205 2
206 3
207 1
208 2
209 2
210 2
211 2
212 2
213 2
214 2
215 2
216 2
217 2
218 1
219 2
220 2
221 2
222 2
223 1
224 2
225 2
226 2
227 2
228 2
229 2
230 2
231 1
232 2
233 2
234 2
235 2
236 2
237 2
238 2
239 2
240 2
241 2
242 3
243 2
244 2
245 2
246 2
247 2
248 2
249 2
250 2
251 2
252 2
253 2
254 3
255 2
256 3
257 2
258 2
259 2
260 2
261 2
262 2
263 2
264 2
265 2
266 2
267 2
268 2
269 2
270 2
271 2
272 2
273 3
274 2
275 2
276 2
277 2
278 2
279 2
280 2
281 1
282 2
283 1
284 2
285 2
286 2
287 2
288 2
289 2
290 3
291 2
292 2
293 2
294 2
295 2
296 2
297 2
298 2
299 2
300 2
301 2
302 2
303 2
304 2
305 2
306 2
307 3
308 3
309 2
310 2
311 2
312 2
313 2
314 2
315 2
316 2
317 2
318 2
319 2
320 2
321 3
322 2
323 2
324 2
325 2
326 2
327 2
328 2
329 2
330 2
331 2
332 3
333 2
334 2
335 4
336 2
337 2
338 2
339 2
340 2
341 2
342 3
343 2
344 2
345 2
346 2
347 4
348 2
349 3
350 2
351 2
352 2
353 1
354 2
355 2
356 2
357 2
358 2
359 2
360 2
361 2
362 2
363 2
364 1
365 2
366 2
367 2
368 2
369 2
370 2
371 2
372 3
373 2
374 2
375 2
376 2
377 2
378 2
379 2
380 2
381 2
382 3
383 2
384 2
385 2
386 3
387 2
388 2
389 2
390 1
391 2
392 2
393 2
394 3
395 2
396 2
397 2
398 2
399 2
400 2
401 2
402 2
403 2
404 2
405 3
406 2
407 3
408 3
409 3
410 3
411 3
412 2
413 2
414 2
415 4
416 3
417 3
418 2
419 2
420 2
421 2
422 2
423 3
424 2
425 2
426 2
427 2
428 2
429 3
430 3
431 2
432 2
433 2
434 2
435 2
436 2
437 3
438 3
439 3
440 2
441 3
442 3
443 2
444 2
445 2
446 2
447 2
448 3
449 3
450 2
451 3
452 2
453 3
454 2
455 2
456 2
457 3
458 2
459 3
460 2
461 3
462 2
463 3
464 3
465 3
466 2
467 2
468 3
469 2
470 3
471 3
472 2
473 4
474 3
475 3
476 2
477 4
478 2
479 3
480 3
481 2
482 2
483 2
484 1
485 2
486 3
487 2
488 3
489 2
490 2
491 3
492 2
493 2
494 3
495 3
496 3
497 3
498 3
499 3
500 2
501 3
502 2
503 2
504 3
505 3
506 3
507 3
508 2
509 3
510 2
511 3
512 3
513 3
514 3
515 2
516 2
517 3
518 3
519 3
520 3
521 3
522 3
523 3
524 4
525 3
526 3
527 3
528 3
529 3
530 3
531 3
532 3
533 3
534 3
535 2
536 3
537 3
538 3
539 3
540 2
541 3
542 3
543 3
544 3
545 3
546 3
547 3
548 3
549 3
550 4
551 4
552 3
553 3
554 4
555 3
556 3
557 3
558 3
559 3
560 3
561 3
562 3
563 3
564 3
565 3
566 3
567 3
568 3
569 3
570 3
571 3
572 3
573 3
574 3
575 3
576 3
577 2
578 3
579 3
580 3
581 3
582 4
583 3
584 3
585 3
586 3
587 3
588 3
589 3
590 3
591 3
592 3
593 4
594 3
595 2
596 4
597 3
598 3
599 3
600 3
601 3
602 3
603 3
604 3
605 3
606 3
607 3
608 3
609 5
610 3
611 3
612 3
613 3
614 3
615 3
616 3
617 3
618 4
619 3
620 3
621 3
622 3
623 3
624 5
625 3
626 3
627 4
628 3
629 3
630 3
631 3
632 3
633 3
634 3
635 3
636 3
637 3
638 3
639 3
640 3
641 3
642 3
643 3
644 4
645 2
646 3
647 3
648 3
649 3
650 3
651 3
652 3
653 3
654 3
655 3
656 3
657 4
658 3
659 3
660 3
661 4
662 3
663 3
664 3
665 3
666 3
667 3
668 3
669 3
670 3
671 3
672 3
673 3
674 3
675 3
676 4
677 3
678 3
679 3
680 3
681 3
682 3
683 3
684 3
685 3
686 3
687 3
688 3
689 3
690 4
691 3
692 4
693 3
694 3
695 3
696 3
697 3
698 3
699 3
700 3
701 3
702 4
703 3
704 3
705 3
706 3
707 3
708 3
709 3
710 5
711 3
712 3
713 4
714 4
715 3
716 3
717 4
718 4
719 4
720 3
721 3
722 3
723 3
724 3
725 3
726 3
727 3
728 3
729 4
730 3
731 3
732 3
733 3
734 3
735 3
736 3
737 3
738 4
739 3
740 3
741 3
742 3
743 3
744 4
745 3
746 3
747 3
748 3
749 3
750 3
751 3
752 3
753 3
754 3
755 5
756 4
757 3
758 3
759 4
760 3
761 3
762 5
763 3
764 4
765 3
766 3
767 3
768 3
769 3
770 3
771 4
772 3
773 3
774 5
775 5
776 3
777 5
778 3
779 4
780 4
781 3
782 3
783 3
784 4
785 3
786 4
787 4
788 3
789 3
790 4
791 4
792 3
793 4
794 3
795 4
796 3
797 4
798 3
799 3
800 4
801 3
802 3
803 6
804 4
805 3
806 3
807 3
808 4
809 4
810 4
811 4
812 3
813 4
814 3
815 3
816 4
817 4
818 5
819 3
820 5
821 4
822 4
823 4
824 3
825 4
826 4
827 4
828 4
829 4
830 4
831 4
832 7
833 3
834 5
835 4
836 4
837 4
838 4
839 4
840 4
841 4
842 4
843 3
844 4
845 4
846 4
847 4
848 3
849 4
850 5
851 4
852 4
853 3
854 4
855 3
856 4
857 4
858 4
859 5
860 4
861 5
862 4
863 4
864 5
865 4
866 4
867 5
868 3
869 4
870 4
871 4
872 4
873 4
874 4
875 4
876 6
877 4
878 4
879 4
880 4
881 4
882 2
883 4
884 2
885 4
886 3
887 3
888 3
889 4
890 4
891 4
892 3
893 3
894 4
895 5
896 4
897 5
898 4
899 4
900 5
901 4
902 4
903 4
904 4
905 4
906 5
907 4
908 4
909 4
910 5
911 4
912 4
913 4
914 4
915 4
916 4
917 4
918 7
919 4
920 4
921 4
922 4
923 4
924 4
925 4
926 4
927 4
928 4
929 4
930 4
931 4
932 4
933 4
934 4
935 4
936 4
937 4
938 4
939 4
940 4
941 4
942 4
943 4
944 4
945 4
946 4
947 4
948 4
949 4
950 4
951 4
952 5
953 4
954 4
955 4
956 4
957 4
958 4
959 4
960 4
961 4
962 4
963 4
964 4
965 4
966 4
967 4
968 4
969 4
970 4
971 4
972 4
973 4
974 6
975 4
976 4
977 4
978 4
979 4
980 4
981 4
982 4
983 4
984 4
985 5
986 4
987 4
988 4
989 5
990 4
991 4
992 4
993 4
994 4
995 4
996 4
997 4
998 4
999 4
1000 4
1001 4
1002 4
1003 4
1004 4
1005 4
1006 5
1007 5
1008 4
1009 5
1010 4
1011 4
1012 4
1013 4
1014 3
1015 4
1016 5
1017 4
1018 4
1019 4
1020 4
1021 4
1022 4
1023 4
1024 4
1025 5
1026 4
1027 5
1028 4
1029 6
1030 4
1031 4
1032 4
1033 4
1034 4
1035 4
1036 5
1037 4
1038 4
1039 4
1040 4
1041 4
1042 4
1043 4
1044 4
1045 4
1046 4
1047 4
1048 4
1049 4
1050 4
1051 4
1052 4
1053 4
1054 4
1055 4
1056 4
1057 4
1058 5
1059 4
1060 5
1061 5
1062 4
1063 4
1064 4
1065 4
1066 4
1067 4
1068 4
1069 4
1070 4
1071 6
1072 4
1073 4
1074 4
1075 4
1076 5
1077 4
1078 5
1079 4
1080 4
1081 5
1082 4
1083 4
1084 5
1085 4
1086 4
1087 4
1088 4
1089 4
1090 5
1091 4
1092 4
1093 5
1094 4
1095 4
1096 4
1097 4
1098 4
1099 4
1100 4
1101 5
1102 6
1103 5
1104 6
1105 3
1106 5
1107 4
1108 4
1109 4
1110 4
1111 4
1112 5
1113 4
1114 4
1115 5
1116 4
1117 4
1118 5
1119 4
1120 4
1121 4
1122 5
1123 5
1124 4
1125 4
1126 4
1127 4
1128 4
1129 6
1130 5
1131 6
1132 6
1133 5
1134 4
1135 5
1136 5
1137 4
1138 4
1139 5
1140 4
1141 6
1142 5
1143 5
1144 6
1145 5
1146 4
1147 5
1148 5
1149 4
1150 4
1151 5
1152 7
1153 4
1154 5
1155 5
1156 5
1157 4
1158 5
1159 5
1160 5
1161 4
1162 5
1163 5
1164 5
1165 5
1166 4
1167 4
1168 5
1169 4
1170 5
1171 4
1172 5
1173 5
1174 4
1175 4
1176 5
1177 5
1178 4
1179 4
1180 5
1181 4
1182 5
1183 5
1184 5
1185 5
1186 4
1187 5
1188 5
1189 6
1190 5
1191 5
1192 5
1193 4
1194 7
1195 5
1196 5
1197 5
1198 5
1199 5
1200 5
1201 5
1202 5
1203 5
1204 7
1205 4
1206 5
1207 5
1208 4
1209 5
1210 5
1211 5
1212 6
1213 5
1214 5
1215 6
1216 5
1217 5
1218 5
1219 5
1220 5
1221 7
1222 6
1223 5
1224 5
1225 5
1226 5
1227 6
1228 7
1229 6
1230 5
1231 7
1232 5
1233 5
1234 4
1235 5
1236 5
1237 5
1238 5
1239 5
1240 5
1241 5
1242 5
1243 5
1244 6
1245 5
1246 5
1247 5
1248 6
1249 6
1250 5
1251 5
1252 5
1253 5
1254 5
1255 6
1256 6
1257 7
1258 5
1259 5
1260 5
1261 5
1262 5
1263 5
1264 5
1265 5
1266 5
1267 5
1268 5
1269 5
1270 6
1271 5
1272 5
1273 5
1274 5
1275 5
1276 7
1277 5
1278 5
1279 5
1280 5
1281 7
1282 6
1283 5
1284 5
1285 5
1286 5
1287 5
1288 5
1289 5
1290 5
1291 5
1292 5
1293 6
1294 4
1295 5
1296 7
1297 5
1298 5
1299 5
1300 5
1301 5
1302 5
1303 5
1304 7
1305 5
1306 5
1307 5
1308 5
1309 5
1310 5
1311 5
1312 5
1313 5
1314 5
1315 5
1316 5
1317 6
1318 5
1319 5
1320 5
1321 5
1322 5
1323 5
1324 5
1325 5
1326 5
1327 6
1328 5
1329 5
1330 5
1331 5
1332 5
1333 7
1334 7
1335 5
1336 5
1337 5
1338 5
1339 5
1340 5
1341 5
1342 5
1343 5
1344 5
1345 6
1346 5
1347 6
1348 5
1349 5
1350 5
1351 5
1352 5
1353 5
1354 5
1355 7
1356 5
1357 7
1358 6
1359 6
1360 5
1361 7
1362 5
1363 5
1364 5
1365 5
1366 5
1367 6
1368 5
1369 5
1370 5
1371 5
1372 7
1373 5
1374 5
1375 5
1376 5
1377 5
1378 5
1379 5
1380 5
1381 5
1382 5
1383 5
1384 5
1385 5
1386 5
1387 5
1388 5
1389 5
1390 5
1391 5
1392 5
1393 5
1394 5
1395 5
1396 5
1397 5
1398 6
1399 5
1400 5
1401 6
1402 5
1403 5
1404 5
1405 5
1406 5
1407 5
1408 5
1409 6
1410 7
1411 5
1412 5
1413 8
1414 5
1415 5
1416 5
1417 5
1418 5
1419 7
1420 5
1421 5
1422 5
1423 5
1424 6
1425 5
1426 8
1427 5
1428 5
1429 5
1430 8
1431 7
1432 5
1433 5
1434 7
1435 7
1436 7
1437 5
1438 6
1439 6
1440 5
1441 5
1442 5
1443 5
1444 5
1445 5
1446 5
1447 8
1448 5
1449 5
1450 5
1451 5
1452 6
1453 5
1454 6
1455 5
1456 6
1457 5
1458 5
1459 6
1460 5
1461 5
1462 6
1463 5
1464 5
1465 8
1466 7
1467 6
1468 5
1469 7
1470 6
1471 5
1472 6
1473 6
1474 5
1475 6
1476 5
1477 6
1478 6
1479 5
1480 6
1481 5
1482 6
1483 5
1484 6
1485 5
1486 6
1487 6
1488 5
1489 5
1490 5
1491 5
1492 6
1493 6
1494 6
1495 5
1496 6
1497 6
1498 6
1499 5
1500 5
1501 6
1502 6
1503 9
1504 6
1505 5
1506 6
1507 6
1508 5
1509 6
1510 6
1511 6
1512 5
1513 7
1514 6
1515 6
1516 5
1517 5
1518 5
1519 5
1520 6
1521 6
1522 6
1523 5
1524 5
1525 5
1526 6
1527 6
1528 6
1529 6
1530 6
1531 5
1532 5
1533 6
1534 6
1535 6
1536 6
1537 9
1538 6
1539 5
1540 6
1541 6
1542 6
1543 5
1544 6
1545 6
1546 6
1547 6
1548 6
1549 6
1550 9
1551 5
1552 6
1553 5
1554 6
1555 6
1556 7
1557 6
1558 8
1559 6
1560 6
1561 8
1562 6
1563 6
1564 6
1565 8
1566 6
1567 6
1568 6
1569 6
1570 5
1571 6
1572 6
1573 6
1574 6
1575 6
1576 6
1577 6
1578 6
1579 6
1580 6
1581 10
1582 6
1583 6
1584 6
1585 6
1586 5
1587 6
1588 6
1589 8
1590 6
1591 7
1592 6
1593 10
1594 6
1595 5
1596 7
1597 6
1598 6
1599 6
1600 6
1601 6
1602 5
1603 7
1604 6
1605 6
1606 6
1607 6
1608 6
1609 6
1610 6
1611 6
1612 6
1613 6
1614 5
1615 6
1616 6
1617 6
1618 5
1619 5
1620 6
1621 6
1622 6
1623 8
1624 6
1625 6
1626 6
1627 8
1628 6
1629 6
1630 6
1631 6
1632 6
1633 6
1634 6
1635 6
1636 6
1637 6
1638 6
1639 6
1640 6
1641 6
1642 5
1643 8
1644 6
1645 7
1646 6
1647 6
1648 6
1649 6
1650 6
1651 6
1652 36
1653 6
1654 6
1655 6
1656 6
1657 6
1658 6
1659 6
1660 6
1661 6
1662 6
1663 6
1664 7
1665 9
1666 6
1667 6
1668 6
1669 6
1670 6
1671 6
1672 6
1673 6
1674 6
1675 6
1676 6
1677 6
1678 6
1679 8
1680 6
1681 6
1682 6
1683 6
1684 6
1685 6
1686 7
1687 8
1688 6
1689 6
1690 6
1691 8
1692 6
1693 6
1694 6
1695 6
1696 6
1697 6
1698 6
1699 6
1700 6
1701 6
1702 6
1703 6
1704 8
1705 6
1706 6
1707 6
1708 6
1709 6
1710 6
1711 6
1712 6
1713 6
1714 6
1715 6
1716 6
1717 6
1718 6
1719 6
1720 6
1721 6
1722 8
1723 6
1724 6
1725 6
1726 6
1727 6
1728 6
1729 6
1730 9
1731 6
1732 6
1733 6
1734 6
1735 6
1736 6
1737 6
1738 6
1739 6
1740 6
1741 6
1742 7
1743 6
1744 6
1745 6
1746 6
1747 6
1748 8
1749 6
1750 6
1751 6
1752 6
1753 6
1754 7
1755 6
1756 6
1757 7
1758 6
1759 6
1760 6
1761 7
1762 6
1763 6
1764 6
1765 6
1766 6
1767 6
1768 6
1769 6
1770 6
1771 6
1772 7
1773 6
1774 6
1775 11
1776 7
1777 6
1778 12
1779 6
1780 6
1781 6
1782 7
1783 6
1784 6
1785 6
1786 6
1787 8
1788 6
1789 6
1790 6
1791 7
1792 6
1793 6
1794 7
1795 9
1796 6
1797 9
1798 7
1799 6
1800 6
1801 6
1802 6
1803 6
1804 6
1805 6
1806 6
1807 6
1808 6
1809 6
1810 6
1811 6
1812 7
1813 6
1814 6
1815 6
1816 6
1817 6
1818 6
1819 7
1820 8
1821 6
1822 7
1823 7
1824 8
1825 8
1826 8
1827 7
1828 6
1829 9
1830 5
1831 6
1832 2
1833 7
1834 6
1835 6
1836 6
1837 6
1838 7
1839 7
1840 7
1841 6
1842 6
1843 7
1844 9
1845 7
1846 6
1847 8
1848 7
1849 7
1850 6
1851 6
1852 6
1853 6
1854 7
1855 6
1856 7
1857 6
1858 9
1859 6
1860 6
1861 7
1862 7
1863 6
1864 7
1865 7
1866 6
1867 6
1868 9
1869 7
1870 7
1871 8
1872 7
1873 6
1874 9
1875 6
1876 7
1877 7
1878 7
1879 7
1880 6
1881 6
1882 6
1883 6
1884 6
1885 8
1886 7
1887 9
1888 6
1889 6
1890 6
1891 7
1892 7
1893 8
1894 9
1895 8
1896 8
1897 9
1898 7
1899 6
1900 7
1901 7
1902 6
1903 9
1904 7
1905 6
1906 6
1907 7
1908 7
1909 7
1910 7
1911 6
1912 5
1913 7
1914 6
1915 7
1916 7
1917 8
1918 7
1919 7
1920 7
1921 7
1922 7
1923 7
1924 7
1925 7
1926 7
1927 8
1928 6
1929 7
1930 7
1931 6
1932 7
1933 9
1934 9
1935 7
1936 7
1937 7
1938 6
1939 7
1940 9
1941 7
1942 8
1943 7
1944 7
1945 6
1946 7
1947 7
1948 7
1949 8
1950 7
1951 7
1952 7
1953 6
1954 7
1955 7
1956 6
1957 8
1958 7
1959 6
1960 7
1961 7
1962 10
1963 7
1964 7
1965 7
1966 7
1967 7
1968 7
1969 9
1970 6
1971 7
1972 7
1973 7
1974 7
1975 7
1976 8
1977 7
1978 6
1979 7
1980 7
1981 5
1982 6
1983 7
1984 7
1985 7
1986 7
1987 7
1988 7
1989 7
1990 7
1991 7
1992 7
1993 7
1994 7
1995 7
1996 7
1997 7
1998 7
1999 7
2000 7
2001 6
2002 10
2003 6
2004 7
2005 7
2006 7
2007 7
2008 5
2009 7
2010 7
2011 8
2012 7
2013 8
2014 7
2015 9
2016 7
2017 6
2018 7
2019 7
2020 7
2021 7
2022 7
2023 7
2024 7
2025 7
2026 11
2027 7
2028 10
2029 8
2030 7
2031 7
2032 7
2033 7
2034 7
2035 6
2036 7
2037 7
2038 8
2039 7
2040 53
2041 7
2042 7
2043 7
2044 7
2045 6
2046 6
2047 7
2048 7
2049 7
2050 7
2051 7
2052 7
2053 6
2054 7
2055 7
2056 7
2057 7
2058 8
2059 7
2060 7
2061 7
2062 7
2063 7
2064 3
2065 3
2066 3
2067 7
2068 16
2069 6
2070 6
2071 3
2072 7
2073 9
2074 11
2075 9
2076 7
2077 7
2078 10
2079 7
2080 7
2081 7
2082 7
2083 6
2084 7
2085 7
2086 7
2087 7
2088 7
2089 7
2090 7
2091 7
2092 7
2093 24
2094 7
2095 9
2096 7
2097 9
2098 7
2099 7
2100 7
2101 7
2102 7
2103 7
2104 7
2105 7
2106 7
2107 7
2108 7
2109 8
2110 7
2111 7
2112 7
2113 7
2114 7
2115 7
2116 7
2117 7
2118 7
2119 7
2120 8
2121 6
2122 7
2123 7
2124 12
2125 10
2126 7
2127 9
2128 8
2129 7
2130 7
2131 7
2132 7
2133 9
2134 7
2135 7
2136 7
2137 7
2138 7
2139 7
2140 7
2141 7
2142 7
2143 6
2144 10
2145 7
2146 8
2147 7
2148 8
2149 7
2150 9
2151 10
2152 10
2153 7
2154 7
2155 8
2156 7
2157 7
2158 7
2159 7
2160 7
2161 10
2162 8
2163 9
2164 7
2165 7
2166 7
2167 7
2168 7
2169 7
2170 7
2171 7
2172 7
2173 7
2174 8
2175 7
2176 7
2177 7
2178 8
2179 9
2180 7
2181 9
2182 7
2183 8
2184 7
2185 7
2186 7
2187 7
2188 15
2189 7
2190 8
2191 7
2192 14
2193 9
2194 7
2195 8
2196 7
2197 8
2198 7
2199 7
2200 7
2201 7
2202 7
2203 8
2204 7
2205 7
2206 7
2207 7
2208 7
2209 11
2210 7
2211 8
2212 7
2213 7
2214 8
2215 8
2216 7
2217 8
2218 7
2219 7
2220 8
2221 8
2222 7
2223 8
2224 7
2225 7
2226 8
2227 7
2228 9
2229 7
2230 8
2231 7
2232 8
2233 7
2234 7
2235 8
2236 8
2237 8
2238 7
2239 7
2240 8
2241 7
2242 10
2243 7
2244 8
2245 8
2246 10
2247 9
2248 7
2249 6
2250 8
2251 10
2252 6
2253 8
2254 8
2255 7
2256 7
2257 7
2258 8
2259 12
2260 8
2261 8
2262 8
2263 8
2264 9
2265 7
2266 7
2267 7
2268 8
2269 7
2270 7
2271 8
2272 8
2273 7
2274 8
2275 8
2276 8
2277 8
2278 7
2279 7
2280 7
2281 8
2282 7
2283 7
2284 8
2285 7
2286 10
2287 8
2288 8
2289 10
2290 7
2291 7
2292 8
2293 7
2294 8
2295 10
2296 8
2297 8
2298 8
2299 7
2300 7
2301 8
2302 8
2303 8
2304 8
2305 7
2306 7
2307 7
2308 7
2309 7
2310 7
2311 9
2312 8
2313 9
2314 8
2315 8
2316 18
2317 8
2318 8
2319 7
2320 8
2321 8
2322 8
2323 8
2324 7
2325 8
2326 8
2327 8
2328 7
2329 7
2330 8
2331 8
2332 9
2333 7
2334 8
2335 8
2336 8
2337 8
2338 8
2339 8
2340 7
2341 7
2342 8
2343 8
2344 8
2345 8
2346 8
2347 8
2348 8
2349 7
2350 7
2351 8
2352 8
2353 7
2354 8
2355 8
2356 9
2357 8
2358 8
2359 8
2360 8
2361 8
2362 8
2363 8
2364 8
2365 9
2366 8
2367 8
2368 9
2369 10
2370 8
2371 10
2372 11
2373 8
2374 10
2375 8
2376 11
2377 8
2378 10
2379 7
2380 8
2381 9
2382 8
2383 10
2384 7
2385 8
2386 8
2387 8
2388 8
2389 8
2390 8
2391 8
2392 8
2393 7
2394 8
2395 8
2396 8
2397 8
2398 8
2399 8
2400 8
2401 8
2402 8
2403 8
2404 8
2405 6
2406 8
2407 8
2408 8
2409 11
2410 8
2411 8
2412 8
2413 8
2414 8
2415 8
2416 12
2417 7
2418 8
2419 8
2420 8
2421 8
2422 8
2423 8
2424 8
2425 8
2426 8
2427 8
2428 7
2429 10
2430 8
2431 8
2432 8
2433 8
2434 8
2435 11
2436 8
2437 8
2438 8
2439 8
2440 8
2441 8
2442 8
2443 8
2444 9
2445 8
2446 10
2447 8
2448 9
2449 8
2450 8
2451 8
2452 8
2453 8
2454 8
2455 7
2456 8
2457 8
2458 8
2459 8
2460 8
2461 8
2462 8
2463 8
2464 8
2465 8
2466 8
2467 8
2468 11
2469 9
2470 8
2471 8
2472 8
2473 7
2474 10
2475 9
2476 7
2477 8
2478 8
2479 8
2480 8
2481 8
2482 10
2483 8
2484 8
2485 8
2486 8
2487 8
2488 9
2489 11
2490 8
2491 8
2492 14
2493 8
2494 8
2495 12
2496 8
2497 8
2498 8
2499 8
2500 8
2501 11
2502 11
2503 8
2504 8
2505 9
2506 8
2507 10
2508 8
2509 8
2510 8
2511 8
2512 9
2513 8
2514 9
2515 8
2516 9
2517 8
2518 8
2519 8
2520 8
2521 8
2522 11
2523 9
2524 8
2525 9
2526 11
2527 8
2528 8
2529 11
2530 8
2531 8
2532 8
2533 8
2534 8
2535 8
2536 8
2537 8
2538 8
2539 8
2540 7
2541 8
2542 8
2543 8
2544 8
2545 9
2546 8
2547 8
2548 8
2549 9
2550 8
2551 10
2552 8
2553 9
2554 8
2555 9
2556 8
2557 8
2558 10
2559 8
2560 9
2561 8
2562 7
2563 8
2564 8
2565 8
2566 9
2567 10
2568 9
2569 8
2570 9
2571 9
2572 9
2573 8
2574 8
2575 8
2576 9
2577 9
2578 8
2579 10
2580 8
2581 8
2582 9
2583 8
2584 8
2585 8
2586 9
2587 8
2588 10
2589 9
2590 8
2591 8
2592 12
2593 8
2594 9
2595 11
2596 8
2597 8
2598 9
2599 9
2600 8
2601 9
2602 8
2603 8
2604 9
2605 9
2606 8
2607 8
2608 8
2609 8
2610 8
2611 8
2612 8
2613 9
2614 8
2615 10
2616 9
2617 9
2618 9
2619 8
2620 9
2621 9
2622 9
2623 8
2624 9
2625 10
2626 9
2627 43
2628 9
2629 10
2630 9
2631 8
2632 8
2633 9
2634 8
2635 8
2636 10
2637 9
2638 8
2639 9
2640 9
2641 11
2642 8
2643 8
2644 8
2645 9
2646 8
2647 8
2648 9
2649 8
2650 9
2651 9
2652 9
2653 9
2654 8
2655 9
2656 8
2657 11
2658 8
2659 9
2660 9
2661 10
2662 8
2663 8
2664 9
2665 9
2666 9
2667 9
2668 10
2669 9
2670 10
2671 11
2672 9
2673 8
2674 9
2675 9
2676 9
2677 8
2678 9
2679 8
2680 9
2681 10
2682 9
2683 9
2684 9
2685 9
2686 9
2687 9
2688 9
2689 11
2690 9
2691 13
2692 9
2693 9
2694 9
2695 9
2696 12
2697 9
2698 9
2699 8
2700 9
2701 9
2702 9
2703 9
2704 8
2705 8
2706 9
2707 8
2708 8
2709 9
2710 9
2711 9
2712 8
2713 9
2714 9
2715 9
2716 9
2717 9
2718 9
2719 9
2720 9
2721 9
2722 9
2723 11
2724 9
2725 9
2726 10
2727 9
2728 10
2729 9
2730 8
2731 8
2732 9
2733 10
2734 11
2735 13
2736 9
2737 8
2738 9
2739 9
2740 9
2741 9
2742 9
2743 14
2744 9
2745 9
2746 9
2747 8
2748 9
2749 9
2750 9
2751 8
2752 9
2753 9
2754 8
2755 9
2756 9
2757 9
2758 9
2759 8
2760 9
2761 9
2762 9
2763 8
2764 9
2765 9
2766 9
2767 9
2768 9
2769 9
2770 9
2771 8
2772 9
2773 9
2774 9
2775 9
2776 8
2777 9
2778 13
2779 9
2780 9
2781 9
2782 9
2783 9
2784 9
2785 9
2786 9
2787 9
2788 9
2789 9
2790 9
2791 10
2792 9
2793 12
2794 9
2795 9
2796 9
2797 11
2798 9
2799 9
2800 9
2801 9
2802 12
2803 14
2804 11
2805 11
2806 9
2807 9
2808 9
2809 9
2810 9
2811 9
2812 9
2813 12
2814 12
2815 9
2816 9
2817 9
2818 9
2819 9
2820 9
2821 9
2822 9
2823 8
2824 9
2825 9
2826 10
2827 9
2828 9
2829 9
2830 9
2831 9
2832 9
2833 9
2834 9
2835 9
2836 9
2837 11
2838 9
2839 9
2840 11
2841 9
2842 10
2843 9
2844 9
2845 9
2846 12
2847 9
2848 9
2849 9
2850 8
2851 9
2852 4
2853 9
2854 13
2855 9
2856 9
2857 9
2858 9
2859 9
2860 9
2861 9
2862 9
2863 9
2864 9
2865 9
2866 9
2867 9
2868 9
2869 9
2870 9
2871 11
2872 9
2873 9
2874 11
2875 9
2876 12
2877 9
2878 11
2879 12
2880 10
2881 13
2882 9
2883 9
2884 9
2885 9
2886 9
2887 9
2888 9
2889 9
2890 9
2891 9
2892 9
2893 12
2894 9
2895 9
2896 9
2897 15
2898 9
2899 9
2900 9
2901 9
2902 9
2903 9
2904 9
2905 13
2906 10
2907 9
2908 9
2909 9
2910 9
2911 9
2912 9
2913 9
2914 9
2915 12
2916 9
2917 9
2918 10
2919 9
2920 13
2921 9
2922 9
2923 9
2924 9
2925 9
2926 9
2927 9
2928 9
2929 9
2930 9
2931 9
2932 9
2933 9
2934 9
2935 9
2936 10
2937 9
2938 17
2939 9
2940 9
2941 10
2942 11
2943 9
2944 9
2945 9
2946 9
2947 9
2948 10
2949 9
2950 9
2951 9
2952 9
2953 9
2954 9
2955 11
2956 9
2957 9
2958 9
2959 9
2960 9
2961 9
2962 9
2963 9
2964 9
2965 9
2966 10
2967 12
2968 12
2969 9
2970 10
2971 10
2972 9
2973 9
2974 9
2975 9
2976 9
2977 9
2978 9
2979 10
2980 9
2981 9
2982 10
2983 9
2984 9
2985 9
2986 9
2987 11
2988 9
2989 13
2990 9
2991 11
2992 9
2993 9
2994 10
2995 9
2996 10
2997 9
2998 9
2999 95
3000 13
3001 9
3002 9
3003 10
3004 11
3005 10
3006 9
3007 9
3008 9
3009 11
3010 9
3011 9
3012 9
3013 12
3014 10
3015 9
3016 13
3017 11
3018 8
3019 11
3020 10
3021 10
3022 11
3023 9
3024 10
3025 10
3026 11
3027 12
3028 12
3029 28
3030 9
3031 11
3032 9
3033 11
3034 9
3035 10
3036 10
3037 9
3038 9
3039 10
3040 10
3041 9
3042 9
3043 10
3044 9
3045 10
3046 188
3047 9
3048 10
3049 11
3050 9
3051 9
3052 9
3053 9
3054 9
3055 9
3056 9
3057 9
3058 9
3059 9
3060 10
3061 9
3062 10
3063 9
3064 9
3065 9
3066 9
3067 9
3068 10
3069 9
3070 10
3071 9
3072 9
3073 9
3074 10
3075 9
3076 18
3077 10
3078 10
3079 10
3080 10
3081 13
3082 13
3083 11
3084 10
3085 10
3086 10
3087 11
3088 10
3089 9
3090 10
3091 10
3092 9
3093 9
3094 9
3095 17
3096 9
3097 9
3098 17
3099 13
3100 9
3101 10
3102 9
3103 10
3104 10
3105 10
3106 10
3107 9
3108 13
3109 9
3110 10
3111 10
3112 13
3113 9
3114 10
3115 10
3116 10
3117 10
3118 10
3119 14
3120 9
3121 13
3122 12
3123 11
3124 10
3125 10
3126 10
3127 9
3128 10
3129 10
3130 16
3131 9
3132 10
3133 10
3134 10
3135 4
3136 10
3137 9
3138 10
3139 9
3140 10
3141 13
3142 10
3143 10
3144 10
3145 10
3146 10
3147 10
3148 10
3149 9
3150 9
3151 10
3152 9
3153 9
3154 10
3155 10
3156 10
3157 10
3158 10
3159 9
3160 10
3161 10
3162 10
3163 10
3164 10
3165 10
3166 10
3167 10
3168 10
3169 15
3170 10
3171 13
3172 10
3173 9
3174 10
3175 10
3176 10
3177 9
3178 10
3179 10
3180 10
3181 10
3182 9
3183 12
3184 9
3185 10
3186 9
3187 15
3188 10
3189 10
3190 12
3191 10
3192 10
3193 12
3194 10
3195 10
3196 10
3197 10
3198 10
3199 10
3200 10
3201 10
3202 10
3203 10
3204 10
3205 14
3206 14
3207 10
3208 10
3209 10
3210 10
3211 10
3212 10
3213 10
3214 9
3215 10
3216 10
3217 10
3218 10
3219 11
3220 10
3221 10
3222 10
3223 14
3224 10
3225 12
3226 9
3227 15
3228 10
3229 10
3230 12
3231 10
3232 10
3233 10
3234 9
3235 10
3236 10
3237 10
3238 10
3239 10
3240 9
3241 10
3242 10
3243 12
3244 10
3245 10
3246 10
3247 12
3248 10
3249 13
3250 10
3251 12
3252 10
3253 12
3254 10
3255 14
3256 11
3257 10
3258 10
3259 12
3260 10
3261 10
3262 12
3263 10
3264 10
3265 10
3266 10
3267 10
3268 10
3269 12
3270 11
3271 10
3272 10
3273 13
3274 10
3275 12
3276 14
3277 10
3278 12
3279 14
3280 12
3281 10
3282 10
3283 10
3284 10
3285 10
3286 10
3287 10
3288 10
3289 10
3290 10
3291 10
3292 10
3293 10
3294 12
3295 10
3296 12
3297 10
3298 10
3299 10
3300 14
3301 11
3302 10
3303 10
3304 10
3305 12
3306 10
3307 10
3308 12
3309 10
3310 10
3311 12
3312 10
3313 14
3314 10
3315 11
3316 10
3317 10
3318 10
3319 12
3320 10
3321 13
3322 11
3323 12
3324 11
3325 10
3326 14
3327 11
3328 10
3329 14
3330 10
3331 11
3332 10
3333 11
3334 10
3335 10
3336 14
3337 12
3338 13
3339 11
3340 11
3341 16
3342 10
3343 12
3344 10
3345 10
3346 10
3347 10
3348 10
3349 12
3350 10
3351 10
3352 10
3353 10
3354 10
3355 10
3356 10
3357 10
3358 10
3359 11
3360 10
3361 10
3362 15
3363 10
3364 11
3365 16
3366 11
3367 10
3368 10
3369 11
3370 10
3371 10
3372 10
3373 10
3374 11
3375 11
3376 10
3377 10
3378 10
3379 10
3380 11
3381 11
3382 10
3383 11
3384 11
3385 10
3386 14
3387 12
3388 10
3389 12
3390 10
3391 10
3392 10
3393 11
3394 11
3395 10
3396 10
3397 10
3398 10
3399 10
3400 15
3401 10
3402 11
3403 11
3404 10
3405 11
3406 10
3407 11
3408 10
3409 12
3410 11
3411 10
3412 10
3413 14
3414 11
3415 11
3416 11
3417 11
3418 10
3419 10
3420 11
3421 11
3422 15
3423 10
3424 11
3425 10
3426 10
3427 10
3428 10
3429 10
3430 10
3431 10
3432 11
3433 10
3434 10
3435 12
3436 10
3437 10
3438 10
3439 10
3440 14
3441 10
3442 11
3443 10
3444 11
3445 11
3446 11
3447 10
3448 11
3449 10
3450 16
3451 10
3452 11
3453 11
3454 11
3455 11
3456 11
3457 11
3458 10
3459 11
3460 10
3461 10
3462 18
3463 11
3464 10
3465 10
3466 11
3467 10
3468 10
3469 10
3470 11
3471 12
3472 10
3473 10
3474 10
3475 16
3476 10
3477 11
3478 11
3479 11
3480 10
3481 12
3482 14
3483 10
3484 11
3485 11
3486 10
3487 11
3488 12
3489 11
3490 10
3491 12
3492 10
3493 14
3494 13
3495 11
3496 11
3497 10
3498 10
3499 10
3500 10
3501 20
3502 11
3503 10
3504 5
3505 10
3506 11
3507 11
3508 6
3509 11
3510 10
3511 11
3512 11
3513 11
3514 10
3515 11
3516 11
3517 11
3518 13
3519 12
3520 11
3521 11
3522 10
3523 11
3524 15
3525 11
3526 15
3527 12
3528 10
3529 11
3530 21
3531 11
3532 11
3533 11
3534 15
3535 11
3536 15
3537 11
3538 11
3539 15
3540 11
3541 11
3542 11
3543 10
3544 11
3545 11
3546 11
3547 11
3548 11
3549 15
3550 10
3551 11
3552 11
3553 13
3554 10
3555 10
3556 11
3557 11
3558 11
3559 10
3560 15
3561 11
3562 13
3563 15
3564 11
3565 11
3566 11
3567 11
3568 10
3569 11
3570 11
3571 11
3572 20
3573 11
3574 11
3575 10
3576 13
3577 11
3578 13
3579 11
3580 11
3581 13
3582 11
3583 11
3584 11
3585 13
3586 11
3587 11
3588 11
3589 11
3590 11
3591 11
3592 11
3593 11
3594 11
3595 10
3596 11
3597 11
3598 10
3599 16
3600 11
3601 11
3602 11
3603 11
3604 11
3605 11
3606 11
3607 10
3608 11
3609 10
3610 11
3611 11
3612 11
3613 12
3614 11
3615 11
3616 10
3617 15
3618 11
3619 15
3620 11
3621 11
3622 11
3623 12
3624 11
3625 11
3626 11
3627 11
3628 11
3629 10
3630 11
3631 11
3632 11
3633 15
3634 11
3635 12
3636 15
3637 11
3638 11
3639 10
3640 11
3641 11
3642 11
3643 11
3644 11
3645 11
3646 10
3647 11
3648 11
3649 15
3650 11
3651 11
3652 11
3653 11
3654 11
3655 11
3656 11
3657 11
3658 11
3659 11
3660 17
3661 11
3662 11
3663 11
3664 11
3665 11
3666 15
3667 10
3668 11
3669 11
3670 11
3671 11
3672 11
3673 11
3674 14
3675 11
3676 11
3677 11
3678 11
3679 11
3680 11
3681 11
3682 22
3683 10
3684 13
3685 11
3686 18
3687 11
3688 11
3689 11
3690 11
3691 11
3692 11
3693 13
3694 11
3695 11
3696 11
3697 11
3698 11
3699 11
3700 13
3701 12
3702 11
3703 13
3704 11
3705 12
3706 17
3707 11
3708 15
3709 12
3710 13
3711 12
3712 13
3713 11
3714 12
3715 11
3716 11
3717 14
3718 11
3719 16
3720 11
3721 12
3722 12
3723 11
3724 11
3725 14
3726 11
3727 11
3728 11
3729 11
3730 11
3731 11
3732 11
3733 14
3734 14
3735 15
3736 11
3737 15
3738 14
3739 11
3740 11
3741 12
3742 11
3743 15
3744 11
3745 14
3746 12
3747 13
3748 12
3749 11
3750 11
3751 11
3752 11
3753 11
3754 11
3755 11
3756 11
3757 12
3758 15
3759 12
3760 11
3761 11
3762 11
3763 12
3764 11
3765 11
3766 11
3767 15
3768 11
3769 11
3770 11
3771 11
3772 15
3773 12
3774 12
3775 11
3776 11
3777 12
3778 16
3779 13
3780 12
3781 11
3782 12
3783 12
3784 11
3785 11
3786 12
3787 11
3788 12
3789 11
3790 12
3791 11
3792 11
3793 12
3794 13
3795 14
3796 11
3797 12
3798 11
3799 13
3800 11
3801 12
3802 11
3803 14
3804 15
3805 15
3806 11
3807 14
3808 15
3809 11
3810 12
3811 11
3812 14
3813 11
3814 14
3815 12
3816 15
3817 12
3818 12
3819 12
3820 11
3821 12
3822 11
3823 11
3824 12
3825 11
3826 13
3827 17
3828 17
3829 12
3830 11
3831 11
3832 12
3833 11
3834 11
3835 12
3836 11
3837 12
3838 12
3839 12
3840 11
3841 16
3842 14
3843 12
3844 12
3845 11
3846 11
3847 11
3848 11
3849 11
3850 11
3851 13
3852 11
3853 11
3854 12
3855 14
3856 12
3857 12
3858 12
3859 16
3860 12
3861 14
3862 11
3863 12
3864 12
3865 12
3866 12
3867 12
3868 12
3869 13
3870 23
3871 11
3872 15
3873 14
3874 18
3875 12
3876 10
3877 11
3878 11
3879 12
3880 8
3881 5
3882 12
3883 12
3884 11
3885 11
3886 11
3887 12
3888 11
3889 5
3890 10
3891 12
3892 12
3893 11
3894 12
3895 12
3896 11
3897 12
3898 12
3899 12
3900 12
3901 12
3902 14
3903 11
3904 16
3905 12
3906 12
3907 12
3908 12
3909 12
3910 12
3911 11
3912 11
3913 12
3914 11
3915 12
3916 15
3917 12
3918 12
3919 12
3920 11
3921 12
3922 11
3923 12
3924 12
3925 12
3926 13
3927 11
3928 14
3929 12
3930 12
3931 12
3932 12
3933 12
3934 12
3935 12
3936 12
3937 12
3938 12
3939 11
3940 12
3941 12
3942 11
3943 12
3944 12
3945 11
3946 12
3947 11
3948 12
3949 12
3950 12
3951 12
3952 13
3953 14
3954 16
3955 12
3956 19
3957 17
3958 16
3959 12
3960 12
3961 11
3962 12
3963 12
3964 16
3965 5
3966 12
3967 12
3968 12
3969 5
3970 12
3971 12
3972 12
3973 12
3974 12
3975 19
3976 12
3977 12
3978 12
3979 12
3980 12
3981 12
3982 12
3983 12
3984 17
3985 12
3986 13
3987 12
3988 11
3989 12
3990 15
3991 12
3992 12
3993 13
3994 16
3995 13
3996 17
3997 12
3998 16
3999 12
4000 12
4001 12
4002 11
4003 12
4004 12
4005 12
4006 12
4007 12
4008 12
4009 12
4010 12
4011 12
4012 12
4013 11
4014 12
4015 12
4016 12
4017 15
4018 12
4019 16
4020 14
4021 12
4022 12
4023 12
4024 11
4025 12
4026 12
4027 12
4028 12
4029 12
4030 12
4031 12
4032 59
4033 16
4034 12
4035 12
4036 12
4037 12
4038 15
4039 22
4040 13
4041 17
4042 12
4043 12
4044 12
4045 12
4046 12
4047 12
4048 12
4049 12
4050 12
4051 12
4052 12
4053 15
4054 12
4055 12
4056 12
4057 12
4058 15
4059 12
4060 11
4061 12
4062 13
4063 12
4064 12
4065 12
4066 12
4067 12
4068 12
4069 12
4070 17
4071 14
4072 12
4073 12
4074 12
4075 12
4076 12
4077 12
4078 12
4079 12
4080 12
4081 15
4082 12
4083 17
4084 12
4085 12
4086 12
4087 17
4088 15
4089 17
4090 12
4091 12
4092 14
4093 12
4094 13
4095 13
4096 12
4097 13
4098 12
4099 17
4100 12
4101 12
4102 15
4103 12
4104 13
4105 12
4106 12
4107 12
4108 12
4109 12
4110 12
4111 12
4112 12
4113 12
4114 19
4115 12
4116 12
4117 12
4118 17
4119 12
4120 12
4121 12
4122 12
4123 12
4124 15
4125 12
4126 12
4127 12
4128 12
4129 12
4130 13
4131 12
4132 15
4133 12
4134 12
4135 12
4136 12
4137 12
4138 21
4139 12
4140 12
4141 13
4142 15
4143 12
4144 13
4145 12
4146 12
4147 13
4148 12
4149 15
4150 13
4151 17
4152 12
4153 14
4154 14
4155 12
4156 15
4157 15
4158 15
4159 12
4160 12
4161 17
4162 12
4163 12
4164 19
4165 15
4166 17
4167 15
4168 12
4169 12
4170 13
4171 13
4172 12
4173 12
4174 12
4175 12
4176 13
4177 12
4178 12
4179 12
4180 12
4181 12
4182 17
4183 15
4184 12
4185 12
4186 12
4187 13
4188 13
4189 12
4190 12
4191 12
4192 12
4193 12
4194 12
4195 12
4196 12
4197 12
4198 12
4199 14
4200 13
4201 12
4202 12
4203 15
4204 14
4205 13
4206 14
4207 22
4208 18
4209 12
4210 12
4211 12
4212 13
4213 13
4214 12
4215 13
4216 12
4217 12
4218 12
4219 12
4220 12
4221 12
4222 12
4223 12
4224 12
4225 13
4226 12
4227 13
4228 12
4229 13
4230 12
4231 13
4232 13
4233 12
4234 13
4235 12
4236 11
4237 13
4238 12
4239 12
4240 5
4241 12
4242 16
4243 12
4244 12
4245 16
4246 12
4247 12
4248 12
4249 12
4250 16
4251 13
4252 15
4253 12
4254 13
4255 13
4256 12
4257 13
4258 12
4259 17
4260 15
4261 20
4262 15
4263 12
4264 13
4265 12
4266 18
4267 13
4268 19
4269 12
4270 12
4271 15
4272 13
4273 13
4274 18
4275 13
4276 16
4277 13
4278 12
4279 12
4280 18
4281 13
4282 17
4283 12
4284 15
4285 15
4286 12
4287 15
4288 12
4289 13
4290 13
4291 13
4292 22
4293 13
4294 13
4295 14
4296 13
4297 14
4298 13
4299 14
4300 13
4301 13
4302 14
4303 12
4304 12
4305 12
4306 21
4307 14
4308 13
4309 13
4310 11
4311 13
4312 13
4313 12
4314 11
4315 14
4316 13
4317 41
4318 12
4319 13
4320 12
4321 14
4322 13
4323 13
4324 13
4325 13
4326 13
4327 13
4328 12
4329 13
4330 13
4331 13
4332 13
4333 13
4334 13
4335 13
4336 13
4337 12
4338 13
4339 12
4340 13
4341 15
4342 15
4343 13
4344 13
4345 13
4346 13
4347 12
4348 13
4349 13
4350 13
4351 15
4352 13
4353 18
4354 13
4355 13
4356 13
4357 12
4358 15
4359 12
4360 13
4361 13
4362 13
4363 16
4364 15
4365 15
4366 13
4367 13
4368 13
4369 12
4370 13
4371 14
4372 16
4373 13
4374 13
4375 13
4376 13
4377 13
4378 13
4379 13
4380 13
4381 13
4382 13
4383 13
4384 12
4385 13
4386 13
4387 13
4388 12
4389 13
4390 13
4391 13
4392 12
4393 13
4394 13
4395 13
4396 18
4397 18
4398 13
4399 13
4400 14
4401 13
4402 13
4403 13
4404 13
4405 13
4406 13
4407 13
4408 13
4409 18
4410 13
4411 18
4412 13
4413 13
4414 15
4415 13
4416 15
4417 14
4418 15
4419 13
4420 18
4421 13
4422 18
4423 15
4424 13
4425 14
4426 18
4427 13
4428 19
4429 15
4430 15
4431 13
4432 13
4433 13
4434 13
4435 13
4436 13
4437 14
4438 13
4439 14
4440 15
4441 14
4442 13
4443 13
4444 13
4445 13
4446 13
4447 13
4448 13
4449 13
4450 15
4451 13
4452 13
4453 13
4454 18
4455 13
4456 13
4457 13
4458 13
4459 13
4460 15
4461 13
4462 13
4463 18
4464 13
4465 22
4466 13
4467 13
4468 13
4469 13
4470 13
4471 13
4472 13
4473 14
4474 13
4475 16
4476 13
4477 13
4478 14
4479 13
4480 15
4481 14
4482 13
4483 13
4484 13
4485 12
4486 13
4487 13
4488 13
4489 13
4490 13
4491 14
4492 13
4493 18
4494 13
4495 14
4496 14
4497 13
4498 13
4499 13
4500 13
4501 16
4502 13
4503 22
4504 13
4505 18
4506 14
4507 13
4508 16
4509 12
4510 13
4511 14
4512 12
4513 14
4514 14
4515 13
4516 16
4517 13
4518 13
4519 13
4520 13
4521 13
4522 13
4523 13
4524 13
4525 17
4526 13
4527 13
4528 13
4529 13
4530 14
4531 13
4532 13
4533 13
4534 15
4535 13
4536 13
4537 14
4538 14
4539 14
4540 13
4541 14
4542 16
4543 13
4544 14
4545 13
4546 13
4547 13
4548 14
4549 15
4550 13
4551 13
4552 14
4553 17
4554 15
4555 14
4556 13
4557 13
4558 13
4559 13
4560 16
4561 13
4562 19
4563 17
4564 14
4565 14
4566 13
4567 13
4568 13
4569 16
4570 14
4571 14
4572 19
4573 13
4574 20
4575 13
4576 13
4577 14
4578 14
4579 15
4580 13
4581 14
4582 14
4583 13
4584 14
4585 12
4586 13
4587 13
4588 18
4589 13
4590 14
4591 13
4592 13
4593 14
4594 14
4595 14
4596 14
4597 14
4598 14
4599 16
4600 19
4601 13
4602 14
4603 14
4604 13
4605 14
4606 14
4607 14
4608 16
4609 20
4610 14
4611 13
4612 18
4613 14
4614 13
4615 14
4616 14
4617 13
4618 20
4619 17
4620 13
4621 13
4622 13
4623 18
4624 14
4625 16
4626 18
4627 14
4628 14
4629 13
4630 13
4631 13
4632 12
4633 16
4634 19
4635 14
4636 14
4637 18
4638 13
4639 13
4640 18
4641 13
4642 14
4643 17
4644 16
4645 13
4646 14
4647 13
4648 11
4649 14
4650 6
4651 12
4652 15
4653 15
4654 14
4655 14
4656 14
4657 19
4658 14
4659 14
4660 14
4661 14
4662 14
4663 14
4664 21
4665 14
4666 19
4667 13
4668 13
4669 14
4670 17
4671 14
4672 14
4673 13
4674 19
4675 14
4676 14
4677 14
4678 14
4679 14
4680 14
4681 14
4682 17
4683 13
4684 14
4685 14
4686 13
4687 14
4688 14
4689 14
4690 14
4691 14
4692 14
4693 14
4694 20
4695 14
4696 14
4697 16
4698 14
4699 14
4700 17
4701 14
4702 20
4703 13
4704 14
4705 13
4706 14
4707 14
4708 14
4709 14
4710 15
4711 14
4712 14
4713 14
4714 14
4715 14
4716 14
4717 14
4718 16
4719 14
4720 13
4721 14
4722 18
4723 14
4724 14
4725 14
4726 14
4727 14
4728 14
4729 14
4730 17
4731 13
4732 16
4733 16
4734 14
4735 17
4736 14
4737 14
4738 14
4739 14
4740 18
4741 14
4742 17
4743 14
4744 14
4745 14
4746 14
4747 14
4748 20
4749 14
4750 14
4751 23
4752 15
4753 14
4754 14
4755 15
4756 16
4757 18
4758 14
4759 15
4760 14
4761 22
4762 13
4763 48
4764 14
4765 19
4766 14
4767 14
4768 14
4769 19
4770 14
4771 14
4772 14
4773 14
4774 14
4775 14
4776 14
4777 15
4778 14
4779 14
4780 20
4781 21
4782 19
4783 14
4784 19
4785 14
4786 14
4787 14
4788 14
4789 14
4790 14
4791 14
4792 14
4793 14
4794 14
4795 14
4796 14
4797 14
4798 14
4799 14
4800 14
4801 14
4802 14
4803 14
4804 14
4805 14
4806 14
4807 14
4808 14
4809 14
4810 15
4811 14
4812 14
4813 14
4814 14
4815 14
4816 14
4817 14
4818 14
4819 14
4820 14
4821 14
4822 14
4823 14
4824 15
4825 14
4826 14
4827 14
4828 14
4829 14
4830 14
4831 14
4832 14
4833 14
4834 14
4835 14
4836 19
4837 16
4838 15
4839 17
4840 14
4841 15
4842 19
4843 16
4844 14
4845 15
4846 20
4847 15
4848 14
4849 14
4850 14
4851 14
4852 12
4853 7
4854 14
4855 20
4856 14
4857 14
4858 14
4859 14
4860 14
4861 15
4862 14
4863 14
4864 14
4865 17
4866 21
4867 14
4868 18
4869 14
4870 17
4871 17
4872 14
4873 13
4874 15
4875 14
4876 14
4877 15
4878 14
4879 21
4880 14
4881 14
4882 14
4883 14
4884 14
4885 14
4886 18
4887 79
4888 14
4889 15
4890 19
4891 15
4892 14
4893 14
4894 14
4895 14
4896 14
4897 14
4898 15
4899 15
4900 14
4901 14
4902 15
4903 14
4904 14
4905 14
4906 15
4907 14
4908 14
4909 14
4910 15
4911 14
4912 14
4913 14
4914 15
4915 11
4916 17
4917 13
4918 14
4919 55
4920 20
4921 15
4922 15
4923 15
4924 14
4925 14
4926 15
4927 15
4928 14
4929 17
4930 15
4931 14
4932 18
4933 15
4934 22
4935 14
4936 14
4937 17
4938 17
4939 14
4940 14
4941 14
4942 16
4943 15
4944 14
4945 14
4946 15
4947 14
4948 14
4949 14
4950 14
4951 14
4952 17
4953 14
4954 14
4955 14
4956 19
4957 14
4958 14
4959 15
4960 18
4961 14
4962 14
4963 17
4964 14
4965 17
4966 14
4967 22
4968 14
4969 15
4970 14
4971 15
4972 14
4973 14
4974 15
4975 15
4976 15
4977 17
4978 14
4979 14
4980 14
4981 15
4982 16
4983 15
4984 15
4985 24
4986 14
4987 15
4988 15
4989 34
4990 21
4991 14
4992 20
4993 15
4994 15
4995 15
4996 15
4997 15
4998 14
4999 15
5000 16
5001 15
5002 15
5003 18
5004 15
5005 14
5006 15
5007 15
5008 14
5009 15
5010 14
5011 14
5012 20
5013 20
5014 20
5015 14
5016 14
5017 17
5018 14
5019 15
5020 15
5021 15
5022 14
5023 21
5024 20
5025 15
5026 15
5027 20
5028 15
5029 19
5030 14
5031 15
5032 15
5033 20
5034 15
5035 15
5036 15
5037 15
5038 15
5039 15
5040 18
5041 15
5042 15
5043 15
5044 15
5045 15
5046 15
5047 16
5048 14
5049 16
5050 21
5051 6
5052 15
5053 6
5054 14
5055 15
5056 15
5057 15
5058 15
5059 15
5060 14
5061 14
5062 14
5063 15
5064 15
5065 15
5066 15
5067 14
5068 15
5069 15
5070 14
5071 14
5072 15
5073 15
5074 14
5075 18
5076 18
5077 20
5078 18
5079 17
5080 16
5081 15
5082 15
5083 15
5084 15
5085 15
5086 15
5087 15
5088 15
5089 17
5090 15
5091 19
5092 15
5093 15
5094 15
5095 16
5096 15
5097 20
5098 15
5099 18
5100 29
5101 15
5102 19
5103 15
5104 15
5105 15
5106 15
5107 15
5108 15
5109 15
5110 15
5111 15
5112 15
5113 15
5114 15
5115 15
5116 15
5117 15
5118 15
5119 23
5120 17
5121 20
5122 15
5123 15
5124 17
5125 18
5126 17
5127 15
5128 15
5129 16
5130 15
5131 15
5132 15
5133 15
5134 15
5135 15
5136 15
5137 14
5138 15
5139 15
5140 20
5141 15
5142 16
5143 17
5144 14
5145 15
5146 15
5147 18
5148 15
5149 24
5150 15
5151 20
5152 15
5153 20
5154 20
5155 15
5156 21
5157 18
5158 15
5159 15
5160 15
5161 15
5162 15
5163 15
5164 18
5165 15
5166 15
5167 15
5168 15
5169 15
5170 15
5171 15
5172 15
5173 15
5174 14
5175 15
5176 15
5177 15
5178 15
5179 16
5180 25
5181 21
5182 15
5183 15
5184 15
5185 15
5186 15
5187 15
5188 14
5189 15
5190 15
5191 15
5192 15
5193 21
5194 15
5195 15
5196 15
5197 15
5198 15
5199 23
5200 23
5201 15
5202 15
5203 16
5204 15
5205 15
5206 15
5207 15
5208 21
5209 15
5210 16
5211 15
5212 15
5213 20
5214 15
5215 18
5216 21
5217 15
5218 15
5219 15
5220 15
5221 15
5222 15
5223 15
5224 16
5225 16
5226 21
5227 15
5228 16
5229 22
5230 15
5231 16
5232 26
5233 15
5234 15
5235 15
5236 15
5237 16
5238 15
5239 15
5240 15
5241 15
5242 18
5243 20
5244 15
5245 15
5246 15
5247 15
5248 16
5249 15
5250 18
5251 15
5252 16
5253 16
5254 15
5255 15
5256 15
5257 15
5258 17
5259 15
5260 20
5261 15
5262 15
5263 15
5264 15
5265 15
5266 20
5267 19
5268 17
5269 19
5270 15
5271 16
5272 15
5273 15
5274 15
5275 15
5276 16
5277 15
5278 18
5279 54
5280 19
5281 15
5282 15
5283 15
5284 22
5285 15
5286 18
5287 15
5288 15
5289 16
5290 19
5291 16
5292 17
5293 16
5294 15
5295 13
5296 15
5297 15
5298 21
5299 15
5300 15
5301 17
5302 15
5303 15
5304 15
5305 19
5306 15
5307 15
5308 15
5309 22
5310 19
5311 15
5312 15
5313 16
5314 18
5315 14
5316 16
5317 16
5318 19
5319 16
5320 16
5321 15
5322 63
5323 22
5324 16
5325 18
5326 147
5327 15
5328 15
5329 15
5330 16
5331 18
5332 15
5333 15
5334 17
5335 15
5336 17
5337 15
5338 16
5339 15
5340 15
5341 16
5342 16
5343 16
5344 22
5345 16
5346 15
5347 15
5348 16
5349 18
5350 15
5351 21
5352 19
5353 15
5354 17
5355 16
5356 21
5357 15
5358 15
5359 15
5360 16
5361 15
5362 22
5363 15
5364 16
5365 21
5366 17
5367 19
5368 15
5369 18
5370 16
5371 15
5372 16
5373 15
5374 22
5375 16
5376 15
5377 18
5378 19
5379 15
5380 15
5381 15
5382 16
5383 15
5384 24
5385 26
5386 15
5387 23
5388 18
5389 16
5390 21
5391 16
5392 15
5393 16
5394 16
5395 21
5396 15
5397 14
5398 22
5399 15
5400 21
5401 17
5402 16
5403 21
5404 19
5405 21
5406 19
5407 15
5408 19
5409 15
5410 17
5411 16
5412 17
5413 16
5414 15
5415 20
5416 16
5417 16
5418 16
5419 15
5420 17
5421 18
5422 16
5423 16
5424 16
5425 16
5426 16
5427 16
5428 17
5429 22
5430 15
5431 25
5432 16
5433 15
5434 16
5435 16
5436 16
5437 16
5438 16
5439 16
5440 16
5441 20
5442 25
5443 15
5444 19
5445 16
5446 16
5447 16
5448 16
5449 15
5450 22
5451 16
5452 22
5453 16
5454 16
5455 19
5456 15
5457 16
5458 19
5459 16
5460 16
5461 15
5462 15
5463 16
5464 16
5465 16
5466 15
5467 16
5468 15
5469 16
5470 16
5471 17
5472 19
5473 16
5474 16
5475 16
5476 16
5477 16
5478 16
5479 16
5480 16
5481 16
5482 16
5483 15
5484 16
5485 18
5486 16
5487 16
5488 18
5489 19
5490 19
5491 16
5492 19
5493 16
5494 16
5495 16
5496 16
5497 16
5498 22
5499 16
5500 26
5501 16
5502 17
5503 15
5504 20
5505 17
5506 16
5507 16
5508 20
5509 16
5510 16
5511 16
5512 16
5513 16
5514 16
5515 16
5516 19
5517 16
5518 16
5519 16
5520 16
5521 16
5522 16
5523 17
5524 24
5525 16
5526 16
5527 17
5528 16
5529 16
5530 16
5531 16
5532 16
5533 16
5534 16
5535 33
5536 24
5537 16
5538 19
5539 16
5540 19
5541 16
5542 16
5543 16
5544 16
5545 16
5546 16
5547 16
5548 16
5549 16
5550 25
5551 15
5552 16
5553 16
5554 16
5555 16
5556 16
5557 16
5558 16
5559 17
5560 16
5561 16
5562 16
5563 16
5564 16
5565 16
5566 16
5567 16
5568 16
5569 16
5570 23
5571 22
5572 15
5573 16
5574 18
5575 17
5576 16
5577 16
5578 22
5579 17
5580 7
5581 15
5582 14
5583 16
5584 22
5585 31
5586 24
5587 16
5588 16
5589 16
5590 16
5591 16
5592 22
5593 19
5594 16
5595 16
5596 16
5597 16
5598 16
5599 16
5600 16
5601 16
5602 16
5603 16
5604 16
5605 17
5606 16
5607 16
5608 16
5609 15
5610 16
5611 15
5612 22
5613 17
5614 16
5615 16
5616 15
5617 18
5618 16
5619 29
5620 16
5621 20
5622 16
5623 22
5624 16
5625 16
5626 16
5627 16
5628 17
5629 22
5630 24
5631 17
5632 16
5633 24
5634 16
5635 16
5636 16
5637 21
5638 16
5639 16
5640 28
5641 21
5642 16
5643 16
5644 17
5645 16
5646 16
5647 16
5648 17
5649 17
5650 16
5651 17
5652 17
5653 16
5654 18
5655 17
5656 17
5657 20
5658 16
5659 17
5660 16
5661 16
5662 16
5663 17
5664 17
5665 22
5666 16
5667 17
5668 16
5669 18
5670 16
5671 16
5672 21
5673 16
5674 16
5675 21
5676 19
5677 17
5678 16
5679 17
5680 16
5681 16
5682 18
5683 16
5684 16
5685 17
5686 16
5687 16
5688 17
5689 17
5690 16
5691 16
5692 17
5693 17
5694 20
5695 16
5696 20
5697 17
5698 26
5699 16
5700 23
5701 20
5702 17
5703 16
5704 17
5705 16
5706 16
5707 17
5708 17
5709 17
5710 16
5711 16
5712 16
5713 23
5714 16
5715 17
5716 19
5717 16
5718 16
5719 16
5720 15
5721 16
5722 15
5723 7
5724 23
5725 7
5726 17
5727 14
5728 16
5729 17
5730 20
5731 17
5732 23
5733 17
5734 20
5735 17
5736 16
5737 16
5738 17
5739 16
5740 17
5741 17
5742 17
5743 20
5744 16
5745 17
5746 20
5747 43
5748 18
5749 23
5750 16
5751 20
5752 30
5753 16
5754 23
5755 23
5756 17
5757 17
5758 16
5759 16
5760 17
5761 17
5762 17
5763 17
5764 16
5765 17
5766 16
5767 16
5768 16
5769 22
5770 23
5771 16
5772 16
5773 17
5774 16
5775 16
5776 18
5777 18
5778 16
5779 17
5780 16
5781 23
5782 17
5783 17
5784 18
5785 16
5786 17
5787 17
5788 17
5789 16
5790 16
5791 17
5792 17
5793 18
5794 17
5795 17
5796 16
5797 23
5798 18
5799 19
5800 17
5801 16
5802 17
5803 17
5804 17
5805 17
5806 17
5807 17
5808 17
5809 16
5810 17
5811 17
5812 17
5813 20
5814 18
5815 17
5816 25
5817 17
5818 17
5819 17
5820 17
5821 18
5822 17
5823 16
5824 17
5825 17
5826 17
5827 17
5828 23
5829 17
5830 17
5831 17
5832 22
5833 16
5834 23
5835 17
5836 17
5837 23
5838 17
5839 17
5840 23
5841 17
5842 22
5843 17
5844 20
5845 20
5846 17
5847 17
5848 20
5849 17
5850 17
5851 17
5852 20
5853 17
5854 17
5855 17
5856 17
5857 17
5858 24
5859 17
5860 23
5861 17
5862 48
5863 21
5864 17
5865 20
5866 16
5867 25
5868 17
5869 17
5870 17
5871 18
5872 19
5873 17
5874 17
5875 25
5876 17
5877 17
5878 17
5879 19
5880 17
5881 17
5882 17
5883 17
5884 26
5885 17
5886 17
5887 17
5888 21
5889 17
5890 17
5891 17
5892 16
5893 17
5894 17
5895 17
5896 17
5897 17
5898 16
5899 17
5900 24
5901 17
5902 17
5903 17
5904 17
5905 21
5906 19
5907 17
5908 20
5909 17
5910 17
5911 17
5912 17
5913 18
5914 20
5915 17
5916 19
5917 17
5918 17
5919 18
5920 17
5921 19
5922 97
5923 17
5924 16
5925 24
5926 17
5927 17
5928 20
5929 18
5930 20
5931 17
5932 18
5933 17
5934 18
5935 17
5936 17
5937 17
5938 17
5939 23
5940 15
5941 24
5942 17
5943 17
5944 17
5945 18
5946 17
5947 17
5948 31
5949 17
5950 17
5951 17
5952 17
5953 18
5954 17
5955 17
5956 17
5957 18
5958 17
5959 17
5960 17
5961 18
5962 18
5963 17
5964 18
5965 17
5966 17
5967 17
5968 21
5969 18
5970 17
5971 20
5972 17
5973 17
5974 17
5975 20
5976 18
5977 18
5978 17
5979 18
5980 17
5981 18
5982 17
5983 24
5984 17
5985 17
5986 17
5987 17
5988 23
5989 18
5990 19
5991 17
5992 17
5993 17
5994 18
5995 17
5996 20
5997 24
5998 18
5999 23
6000 18
6001 17
6002 17
6003 21
6004 24
6005 21
6006 17
6007 17
6008 17
6009 17
6010 19
6011 17
6012 18
6013 21
6014 18
6015 17
6016 17
6017 21
6018 21
6019 17
6020 23
6021 18
6022 18
6023 18
6024 18
6025 17
6026 29
6027 19
6028 17
6029 18
6030 18
6031 17
6032 17
6033 18
6034 17
6035 18
6036 18
6037 17
6038 79
6039 18
6040 18
6041 19
6042 17
6043 18
6044 18
6045 21
6046 18
6047 17
6048 17
6049 17
6050 18
6051 17
6052 17
6053 17
6054 19
6055 17
6056 17
6057 17
6058 17
6059 17
6060 17
6061 17
6062 20
6063 17
6064 17
6065 17
6066 18
6067 17
6068 17
6069 21
6070 18
6071 18
6072 18
6073 18
6074 18
6075 18
6076 18
6077 18
6078 20
6079 17
6080 17
6081 18
6082 18
6083 22
6084 30
6085 18
6086 18
6087 17
6088 21
6089 18
6090 17
6091 24
6092 18
6093 21
6094 24
6095 17
6096 22
6097 18
6098 18
6099 17
6100 18
6101 18
6102 17
6103 18
6104 18
6105 17
6106 17
6107 18
6108 18
6109 18
6110 19
6111 18
6112 18
6113 19
6114 17
6115 18
6116 17
6117 17
6118 18
6119 17
6120 18
6121 18
6122 18
6123 21
6124 18
6125 18
6126 18
6127 18
6128 18
6129 18
6130 17
6131 18
6132 18
6133 18
6134 21
6135 17
6136 17
6137 18
6138 22
6139 18
6140 17
6141 18
6142 17
6143 18
6144 24
6145 17
6146 27
6147 18
6148 26
6149 18
6150 18
6151 18
6152 17
6153 19
6154 17
6155 18
6156 16
6157 17
6158 21
6159 18
6160 18
6161 18
6162 17
6163 36
6164 18
6165 18
6166 18
6167 17
6168 18
6169 18
6170 25
6171 19
6172 17
6173 21
6174 18
6175 26
6176 18
6177 18
6178 18
6179 17
6180 24
6181 18
6182 17
6183 18
6184 22
6185 18
6186 18
6187 18
6188 22
6189 18
6190 18
6191 18
6192 22
6193 21
6194 18
6195 24
6196 18
6197 19
6198 18
6199 18
6200 18
6201 17
6202 18
6203 18
6204 25
6205 17
6206 18
6207 17
6208 18
6209 18
6210 17
6211 26
6212 18
6213 18
6214 22
6215 18
6216 18
6217 18
6218 24
6219 18
6220 18
6221 18
6222 18
6223 18
6224 18
6225 18
6226 18
6227 18
6228 18
6229 19
6230 18
6231 19
6232 18
6233 18
6234 18
6235 18
6236 18
6237 24
6238 17
6239 22
6240 18
6241 22
6242 18
6243 22
6244 18
6245 21
6246 18
6247 18
6248 23
6249 19
6250 20
6251 18
6252 19
6253 21
6254 18
6255 18
6256 18
6257 18
6258 18
6259 21
6260 17
6261 18
6262 18
6263 22
6264 18
6265 22
6266 18
6267 25
6268 19
6269 18
6270 22
6271 18
6272 19
6273 22
6274 22
6275 18
6276 18
6277 18
6278 22
6279 25
6280 18
6281 19
6282 20
6283 18
6284 18
6285 22
6286 18
6287 18
6288 18
6289 20
6290 23
6291 22
6292 23
6293 18
6294 17
6295 18
6296 18
6297 18
6298 18
6299 18
6300 18
6301 23
6302 73
6303 18
6304 21
6305 25
6306 19
6307 18
6308 18
6309 18
6310 18
6311 18
6312 27
6313 19
6314 18
6315 19
6316 18
6317 35
6318 18
6319 18
6320 18
6321 21
6322 27
6323 18
6324 18
6325 18
6326 18
6327 18
6328 18
6329 19
6330 20
6331 18
6332 18
6333 19
6334 20
6335 18
6336 18
6337 27
6338 18
6339 19
6340 18
6341 19
6342 18
6343 18
6344 20
6345 18
6346 25
6347 18
6348 25
6349 21
6350 18
6351 28
6352 23
6353 18
6354 18
6355 21
6356 19
6357 19
6358 18
6359 19
6360 25
6361 19
6362 18
6363 29
6364 18
6365 26
6366 8
6367 24
6368 19
6369 8
6370 8
6371 18
6372 19
6373 95
6374 18
6375 19
6376 26
6377 18
6378 22
6379 21
6380 19
6381 18
6382 22
6383 18
6384 18
6385 26
6386 26
6387 18
6388 21
6389 19
6390 18
6391 18
6392 18
6393 18
6394 27
6395 18
6396 19
6397 18
6398 18
6399 18
6400 20
6401 19
6402 27
6403 18
6404 18
6405 18
6406 18
6407 28
6408 18
6409 26
6410 18
6411 18
6412 18
6413 20
6414 18
6415 18
6416 18
6417 19
6418 19
6419 26
6420 27
6421 23
6422 19
6423 23
6424 18
6425 18
6426 18
6427 18
6428 18
6429 18
6430 33
6431 18
6432 22
6433 18
6434 19
6435 20
6436 18
6437 18
6438 18
6439 26
6440 25
6441 18
6442 18
6443 20
6444 18
6445 19
6446 19
6447 30
6448 19
6449 18
6450 18
6451 18
6452 18
6453 18
6454 25
6455 18
6456 18
6457 18
6458 19
6459 18
6460 109
6461 18
6462 26
6463 18
6464 18
6465 21
6466 18
6467 18
6468 18
6469 19
6470 23
6471 18
6472 19
6473 18
6474 19
6475 18
6476 19
6477 19
6478 19
6479 31
6480 19
6481 18
6482 19
6483 19
6484 19
6485 22
6486 23
6487 18
6488 18
6489 18
6490 18
6491 19
6492 18
6493 19
6494 25
6495 18
6496 18
6497 18
6498 18
6499 19
6500 19
6501 19
6502 18
6503 21
6504 19
6505 19
6506 19
6507 19
6508 18
6509 19
6510 22
6511 18
6512 19
6513 18
6514 19
6515 17
6516 21
6517 18
6518 18
6519 20
6520 19
6521 22
6522 18
6523 22
6524 19
6525 19
6526 19
6527 18
6528 18
6529 18
6530 25
6531 18
6532 18
6533 19
6534 19
6535 19
6536 22
6537 18
6538 19
6539 18
6540 19
6541 32
6542 18
6543 19
6544 27
6545 20
6546 18
6547 21
6548 19
6549 19
6550 19
6551 19
6552 19
6553 22
6554 35
6555 19
6556 8
6557 17
6558 8
6559 19
6560 8
6561 19
6562 19
6563 19
6564 19
6565 25
6566 19
6567 19
6568 20
6569 18
6570 19
6571 19
6572 19
6573 19
6574 19
6575 19
6576 19
6577 19
6578 19
6579 19
6580 20
6581 18
6582 19
6583 20
6584 24
6585 19
6586 22
6587 19
6588 19
6589 24
6590 18
6591 19
6592 19
6593 22
6594 19
6595 18
6596 19
6597 19
6598 19
6599 19
6600 19
6601 19
6602 22
6603 19
6604 20
6605 18
6606 19
6607 19
6608 19
6609 18
6610 19
6611 18
6612 19
6613 18
6614 18
6615 19
6616 18
6617 19
6618 28
6619 19
6620 18
6621 19
6622 19
6623 20
6624 41
6625 19
6626 19
6627 19
6628 19
6629 19
6630 19
6631 18
6632 19
6633 19
6634 25
6635 20
6636 23
6637 20
6638 19
6639 21
6640 23
6641 26
6642 22
6643 19
6644 26
6645 23
6646 28
6647 19
6648 19
6649 24
6650 19
6651 20
6652 19
6653 19
6654 23
6655 19
6656 19
6657 20
6658 21
6659 31
6660 19
6661 20
6662 19
6663 19
6664 20
6665 19
6666 26
6667 19
6668 20
6669 21
6670 19
6671 19
6672 20
6673 19
6674 25
6675 19
6676 19
6677 19
6678 27
6679 30
6680 19
6681 19
6682 19
6683 30
6684 20
6685 23
6686 19
6687 19
6688 23
6689 26
6690 19
6691 19
6692 19
6693 19
6694 23
6695 19
6696 19
6697 23
6698 19
6699 19
6700 19
6701 19
6702 19
6703 24
6704 26
6705 26
6706 23
6707 25
6708 19
6709 19
6710 19
6711 19
6712 28
6713 19
6714 19
6715 19
6716 19
6717 19
6718 22
6719 26
6720 19
6721 26
6722 19
6723 19
6724 19
6725 19
6726 22
6727 19
6728 19
6729 19
6730 19
6731 19
6732 19
6733 19
6734 22
6735 27
6736 21
6737 21
6738 19
6739 19
6740 19
6741 19
6742 20
6743 19
6744 19
6745 22
6746 26
6747 20
6748 19
6749 28
6750 19
6751 20
6752 20
6753 19
6754 19
6755 20
6756 19
6757 19
6758 27
6759 19
6760 26
6761 19
6762 19
6763 19
6764 19
6765 19
6766 36
6767 19
6768 19
6769 19
6770 19
6771 19
6772 19
6773 22
6774 19
6775 19
6776 19
6777 19
6778 21
6779 19
6780 23
6781 23
6782 23
6783 20
6784 26
6785 19
6786 24
6787 23
6788 19
6789 26
6790 22
6791 26
6792 19
6793 33
6794 28
6795 27
6796 19
6797 23
6798 22
6799 26
6800 23
6801 26
6802 24
6803 30
6804 20
6805 25
6806 19
6807 20
6808 23
6809 19
6810 27
6811 19
6812 19
6813 23
6814 19
6815 20
6816 19
6817 19
6818 20
6819 19
6820 27
6821 19
6822 19
6823 19
6824 19
6825 22
6826 24
6827 19
6828 20
6829 19
6830 29
6831 23
6832 19
6833 19
6834 19
6835 28
6836 20
6837 23
6838 27
6839 20
6840 24
6841 27
6842 19
6843 19
6844 20
6845 29
6846 19
6847 28
6848 19
6849 20
6850 24
6851 23
6852 20
6853 20
6854 20
6855 19
6856 26
6857 19
6858 20
6859 19
6860 23
6861 33
6862 19
6863 19
6864 20
6865 19
6866 19
6867 19
6868 19
6869 19
6870 27
6871 26
6872 28
6873 20
6874 19
6875 19
6876 20
6877 19
6878 21
6879 19
6880 26
6881 20
6882 24
6883 20
6884 20
6885 22
6886 20
6887 23
6888 27
6889 20
6890 26
6891 20
6892 20
6893 20
6894 29
6895 24
6896 23
6897 19
6898 19
6899 19
6900 22
6901 20
6902 19
6903 26
6904 19
6905 28
6906 24
6907 19
6908 20
6909 20
6910 20
6911 19
6912 20
6913 17
6914 20
6915 26
6916 20
6917 20
6918 19
6919 20
6920 24
6921 20
6922 20
6923 28
6924 20
6925 19
6926 20
6927 21
6928 19
6929 20
6930 19
6931 19
6932 19
6933 27
6934 20
6935 20
6936 20
6937 20
6938 27
6939 20
6940 19
6941 21
6942 20
6943 21
6944 20
6945 20
6946 20
6947 20
6948 21
6949 19
6950 20
6951 19
6952 19
6953 20
6954 20
6955 19
6956 20
6957 24
6958 20
6959 20
6960 20
6961 22
6962 21
6963 20
6964 20
6965 20
6966 20
6967 21
6968 22
6969 20
6970 20
6971 20
6972 20
6973 19
6974 20
6975 25
6976 20
6977 20
6978 21
6979 22
6980 20
6981 20
6982 28
6983 20
6984 20
6985 20
6986 20
6987 20
6988 22
6989 20
6990 20
6991 20
6992 20
6993 24
6994 25
6995 20
6996 28
6997 20
6998 20
6999 20
7000 20
7001 26
7002 20
7003 20
7004 20
7005 20
7006 39
7007 20
7008 20
7009 20
7010 19
7011 20
7012 20
7013 20
7014 20
7015 20
7016 20
7017 24
7018 30
7019 20
7020 24
7021 19
7022 20
7023 20
7024 178
7025 24
7026 20
7027 27
7028 23
7029 28
7030 20
7031 21
7032 20
7033 20
7034 20
7035 20
7036 20
7037 20
7038 28
7039 20
7040 24
7041 23
7042 19
7043 20
7044 20
7045 24
7046 20
7047 20
7048 24
7049 21
7050 20
7051 20
7052 20
7053 19
7054 27
7055 20
7056 20
7057 20
7058 20
7059 19
7060 20
7061 20
7062 20
7063 25
7064 20
7065 20
7066 21
7067 21
7068 20
7069 20
7070 20
7071 27
7072 19
7073 29
7074 28
7075 20
7076 20
7077 23
7078 20
7079 20
7080 21
7081 20
7082 20
7083 20
7084 29
7085 20
7086 20
7087 20
7088 20
7089 28
7090 20
7091 24
7092 19
7093 20
7094 20
7095 20
7096 23
7097 29
7098 20
7099 20
7100 20
7101 20
7102 20
7103 20
7104 20
7105 20
7106 20
7107 20
7108 30
7109 20
7110 20
7111 20
7112 26
7113 20
7114 23
7115 20
7116 27
7117 21
7118 24
7119 20
7120 20
7121 20
7122 20
7123 20
7124 20
7125 20
7126 20
7127 97
7128 25
7129 29
7130 20
7131 20
7132 22
7133 21
7134 43
7135 20
7136 24
7137 21
7138 20
7139 24
7140 20
7141 21
7142 20
7143 23
7144 20
7145 20
7146 30
7147 25
7148 20
7149 20
7150 33
7151 28
7152 20
7153 20
7154 20
7155 20
7156 20
7157 21
7158 20
7159 20
7160 20
7161 40
7162 29
7163 20
7164 20
7165 20
7166 21
7167 20
7168 27
7169 20
7170 21
7171 21
7172 32
7173 32
7174 20
7175 20
7176 22
7177 20
7178 21
7179 21
7180 20
7181 21
7182 20
7183 20
7184 21
7185 28
7186 20
7187 20
7188 21
7189 21
7190 20
7191 20
7192 20
7193 25
7194 34
7195 28
7196 22
7197 28
7198 21
7199 20
7200 21
7201 27
7202 20
7203 20
7204 21
7205 21
7206 21
7207 20
7208 22
7209 21
7210 28
7211 35
7212 26
7213 21
7214 20
7215 27
7216 27
7217 22
7218 21
7219 20
7220 23
7221 20
7222 21
7223 25
7224 21
7225 25
7226 21
7227 28
7228 20
7229 24
7230 21
7231 20
7232 25
7233 28
7234 25
7235 24
7236 20
7237 29
7238 20
7239 21
7240 20
7241 21
7242 20
7243 173
7244 21
7245 20
7246 21
7247 25
7248 18
7249 21
7250 20
7251 32
7252 22
7253 21
7254 21
7255 20
7256 21
7257 18
7258 20
7259 8
7260 25
7261 21
7262 34
7263 20
7264 27
7265 24
7266 21
7267 21
7268 21
7269 20
7270 20
7271 20
7272 21
7273 40
7274 22
7275 21
7276 24
7277 22
7278 21
7279 20
7280 31
7281 20
7282 21
7283 25
7284 30
7285 24
7286 20
7287 21
7288 25
7289 21
7290 21
7291 20
7292 25
7293 28
7294 29
7295 29
7296 25
7297 20
7298 21
7299 22
7300 25
7301 20
7302 21
7303 21
7304 21
7305 28
7306 21
7307 21
7308 22
7309 20
7310 29
7311 21
7312 22
7313 25
7314 21
7315 22
7316 20
7317 20
7318 21
7319 25
7320 21
7321 21
7322 21
7323 22
7324 21
7325 21
7326 20
7327 29
7328 21
7329 22
7330 25
7331 21
7332 21
7333 24
7334 24
7335 21
7336 21
7337 25
7338 20
7339 21
7340 25
7341 52
7342 20
7343 20
7344 21
7345 20
7346 21
7347 20
7348 21
7349 22
7350 21
7351 21
7352 20
7353 21
7354 22
7355 21
7356 21
7357 21
7358 23
7359 21
7360 21
7361 23
7362 20
7363 30
7364 20
7365 31
7366 28
7367 21
7368 22
7369 21
7370 21
7371 20
7372 20
7373 25
7374 26
7375 29
7376 20
7377 30
7378 22
7379 21
7380 20
7381 12
7382 21
7383 9
7384 20
7385 22
7386 20
7387 21
7388 21
7389 21
7390 21
7391 21
7392 21
7393 20
7394 25
7395 21
7396 21
7397 21
7398 21
7399 22
7400 21
7401 30
7402 22
7403 21
7404 25
7405 23
7406 21
7407 22
7408 21
7409 21
7410 21
7411 21
7412 21
7413 21
7414 23
7415 21
7416 20
7417 21
7418 26
7419 21
7420 21
7421 21
7422 21
7423 23
7424 21
7425 25
7426 21
7427 24
7428 21
7429 26
7430 31
7431 21
7432 21
7433 23
7434 21
7435 24
7436 21
7437 21
7438 29
7439 21
7440 31
7441 22
7442 21
7443 20
7444 21
7445 20
7446 21
7447 21
7448 25
7449 21
7450 22
7451 29
7452 18
7453 21
7454 30
7455 20
7456 25
7457 21
7458 21
7459 21
7460 21
7461 21
7462 21
7463 20
7464 29
7465 21
7466 21
7467 25
7468 21
7469 20
7470 21
7471 21
7472 21
7473 21
7474 37
7475 29
7476 30
7477 22
7478 21
7479 28
7480 22
7481 22
7482 21
7483 21
7484 21
7485 22
7486 21
7487 21
7488 22
7489 29
7490 21
7491 28
7492 21
7493 21
7494 22
7495 30
7496 21
7497 21
7498 21
7499 21
7500 21
7501 21
7502 21
7503 21
7504 21
7505 29
7506 21
7507 21
7508 30
7509 25
7510 22
7511 21
7512 21
7513 32
7514 22
7515 31
7516 22
7517 30
7518 21
7519 25
7520 21
7521 23
7522 21
7523 21
7524 21
7525 21
7526 31
7527 21
7528 21
7529 21
7530 30
7531 21
7532 23
7533 21
7534 21
7535 21
7536 25
7537 21
7538 21
7539 22
7540 22
7541 30
7542 29
7543 21
7544 220
7545 21
7546 21
7547 21
7548 26
7549 33
7550 24
7551 22
7552 21
7553 22
7554 21
7555 22
7556 22
7557 21
7558 30
7559 24
7560 36
7561 22
7562 29
7563 22
7564 22
7565 21
7566 21
7567 22
7568 31
7569 28
7570 21
7571 20
7572 21
7573 35
7574 30
7575 32
7576 23
7577 21
7578 22
7579 21
7580 26
7581 21
7582 22
7583 24
7584 38
7585 21
7586 29
7587 21
7588 24
7589 22
7590 21
7591 22
7592 30
7593 22
7594 28
7595 23
7596 21
7597 21
7598 26
7599 21
7600 26
7601 21
7602 21
7603 24
7604 30
7605 26
7606 44
7607 21
7608 22
7609 20
7610 25
7611 33
7612 21
7613 24
7614 22
7615 29
7616 22
7617 26
7618 21
7619 21
7620 21
7621 35
7622 21
7623 39
7624 21
7625 22
7626 21
7627 22
7628 28
7629 22
7630 26
7631 21
7632 22
7633 21
7634 25
7635 21
7636 22
7637 35
7638 30
7639 43
7640 24
7641 24
7642 21
7643 22
7644 22
7645 25
7646 23
7647 24
7648 22
7649 22
7650 21
7651 22
7652 22
7653 21
7654 22
7655 22
7656 21
7657 30
7658 22
7659 21
7660 22
7661 27
7662 22
7663 24
7664 21
7665 22
7666 22
7667 22
7668 21
7669 23
7670 21
7671 25
7672 21
7673 21
7674 22
7675 21
7676 22
7677 22
7678 22
7679 21
7680 21
7681 26
7682 22
7683 21
7684 22
7685 22
7686 27
7687 24
7688 22
7689 22
7690 22
7691 22
7692 22
7693 21
7694 24
7695 21
7696 22
7697 22
7698 22
7699 22
7700 23
7701 22
7702 29
7703 30
7704 21
7705 26
7706 22
7707 22
7708 22
7709 21
7710 23
7711 22
7712 22
7713 22
7714 26
7715 21
7716 22
7717 23
7718 22
7719 22
7720 21
7721 26
7722 22
7723 24
7724 22
7725 22
7726 30
7727 31
7728 24
7729 30
7730 22
7731 22
7732 25
7733 21
7734 26
7735 22
7736 22
7737 23
7738 21
7739 29
7740 26
7741 26
7742 23
7743 22
7744 22
7745 22
7746 22
7747 22
7748 32
7749 22
7750 22
7751 30
7752 25
7753 22
7754 22
7755 22
7756 22
7757 25
7758 22
7759 32
7760 21
7761 35
7762 25
7763 33
7764 22
7765 22
7766 23
7767 26
7768 23
7769 22
7770 22
7771 22
7772 22
7773 22
7774 21
7775 22
7776 26
7777 22
7778 22
7779 22
7780 22
7781 22
7782 22
7783 24
7784 34
7785 30
7786 22
7787 23
7788 22
7789 26
7790 22
7791 44
7792 22
7793 22
7794 23
7795 22
7796 28
7797 31
7798 22
7799 29
7800 25
7801 22
7802 22
7803 30
7804 22
7805 22
7806 29
7807 22
7808 27
7809 23
7810 29
7811 30
7812 22
7813 22
7814 31
7815 22
7816 22
7817 23
7818 22
7819 22
7820 21
7821 22
7822 22
7823 22
7824 22
7825 22
7826 22
7827 23
7828 27
7829 22
7830 22
7831 22
7832 23
7833 29
7834 22
7835 22
7836 27
7837 22
7838 24
7839 28
7840 23
7841 22
7842 22
7843 22
7844 22
7845 22
7846 22
7847 28
7848 22
7849 22
7850 22
7851 22
7852 23
7853 24
7854 22
7855 22
7856 23
7857 22
7858 31
7859 22
7860 22
7861 22
7862 22
7863 29
7864 22
7865 22
7866 22
7867 22
7868 22
7869 22
7870 30
7871 22
7872 22
7873 30
7874 22
7875 38
7876 22
7877 22
7878 22
7879 31
7880 24
7881 22
7882 22
7883 22
7884 22
7885 22
7886 22
7887 23
7888 22
7889 22
7890 23
7891 22
7892 33
7893 31
7894 22
7895 22
7896 27
7897 24
7898 22
7899 37
7900 22
7901 22
7902 31
7903 22
7904 22
7905 22
7906 22
7907 117
7908 22
7909 23
7910 29
7911 23
7912 23
7913 22
7914 22
7915 22
7916 23
7917 22
7918 23
7919 22
7920 24
7921 22
7922 24
7923 26
7924 22
7925 30
7926 22
7927 22
7928 22
7929 27
7930 27
7931 27
7932 22
7933 31
7934 31
7935 32
7936 22
7937 23
7938 28
7939 21
7940 30
7941 22
7942 22
7943 22
7944 43
7945 22
7946 22
7947 22
7948 22
7949 43
7950 21
7951 30
7952 27
7953 31
7954 22
7955 22
7956 23
7957 22
7958 22
7959 31
7960 27
7961 30
7962 23
7963 23
7964 23
7965 22
7966 31
7967 22
7968 27
7969 22
7970 23
7971 22
7972 22
7973 23
7974 22
7975 22
7976 27
7977 22
7978 22
7979 23
7980 22
7981 21
7982 22
7983 30
7984 22
7985 27
7986 33
7987 22
7988 22
7989 27
7990 25
7991 24
7992 38
7993 22
7994 23
7995 29
7996 28
7997 31
7998 25
7999 22
8000 22
8001 22
8002 22
8003 25
8004 34
8005 22
8006 22
8007 23
8008 22
8009 26
8010 23
8011 31
8012 23
8013 31
8014 22
8015 22
8016 41
8017 38
8018 34
8019 33
8020 30
8021 27
8022 23
8023 31
8024 22
8025 22
8026 23
8027 22
8028 35
8029 28
8030 28
8031 23
8032 31
8033 22
8034 31
8035 22
8036 22
8037 23
8038 31
8039 36
8040 24
8041 28
8042 24
8043 31
8044 23
8045 23
8046 23
8047 22
8048 28
8049 22
8050 30
8051 23
8052 22
8053 29
8054 23
8055 28
8056 22
8057 23
8058 24
8059 23
8060 24
8061 23
8062 23
8063 24
8064 22
8065 22
8066 30
8067 22
8068 23
8069 22
8070 23
8071 27
8072 34
8073 28
8074 24
8075 32
8076 23
8077 22
8078 29
8079 22
8080 23
8081 27
8082 23
8083 24
8084 23
8085 31
8086 27
8087 25
8088 23
8089 23
8090 22
8091 23
8092 30
8093 60
8094 31
8095 24
8096 23
8097 32
8098 78
8099 23
8100 36
8101 23
8102 23
8103 22
8104 23
8105 31
8106 22
8107 20
8108 26
8109 25
8110 22
8111 23
8112 23
8113 23
8114 28
8115 23
8116 26
8117 23
8118 23
8119 23
8120 23
8121 22
8122 23
8123 22
8124 23
8125 23
8126 26
8127 29
8128 22
8129 23
8130 23
8131 23
8132 23
8133 22
8134 22
8135 23
8136 23
8137 22
8138 26
8139 23
8140 23
8141 23
8142 23
8143 23
8144 28
8145 23
8146 23
8147 38
8148 23
8149 23
8150 23
8151 22
8152 30
8153 23
8154 23
8155 23
8156 32
8157 24
8158 23
8159 23
8160 23
8161 28
8162 22
8163 22
8164 23
8165 23
8166 32
8167 23
8168 23
8169 36
8170 23
8171 23
8172 23
8173 23
8174 40
8175 22
8176 34
8177 23
8178 23
8179 28
8180 25
8181 23
8182 24
8183 25
8184 23
8185 24
8186 23
8187 23
8188 36
8189 24
8190 39
8191 23
8192 23
8193 38
8194 23
8195 23
8196 23
8197 24
8198 22
8199 23
8200 23
8201 39
8202 22
8203 23
8204 23
8205 23
8206 27
8207 23
8208 27
8209 23
8210 23
8211 24
8212 29
8213 23
8214 23
8215 23
8216 24
8217 45
8218 23
8219 23
8220 23
8221 23
8222 23
8223 23
8224 23
8225 23
8226 27
8227 24
8228 23
8229 23
8230 32
8231 23
8232 24
8233 26
8234 25
8235 24
8236 31
8237 23
8238 23
8239 23
8240 26
8241 23
8242 23
8243 32
8244 28
8245 23
8246 23
8247 26
8248 23
8249 23
8250 23
8251 23
8252 41
8253 23
8254 23
8255 24
8256 26
8257 23
8258 37
8259 23
8260 35
8261 28
8262 27
8263 28
8264 27
8265 23
8266 23
8267 23
8268 23
8269 23
8270 32
8271 23
8272 32
8273 24
8274 33
8275 23
8276 10
8277 22
8278 25
8279 23
8280 23
8281 23
8282 23
8283 24
8284 24
8285 23
8286 23
8287 23
8288 23
8289 31
8290 23
8291 23
8292 29
8293 23
8294 25
8295 23
8296 23
8297 24
8298 23
8299 23
8300 23
8301 23
8302 34
8303 23
8304 32
8305 23
8306 24
8307 23
8308 23
8309 23
8310 23
8311 20
8312 23
8313 68
8314 10
8315 21
8316 35
8317 23
8318 26
8319 22
8320 24
8321 34
8322 141
8323 24
8324 23
8325 23
8326 23
8327 23
8328 23
8329 23
8330 37
8331 39
8332 23
8333 23
8334 23
8335 23
8336 26
8337 23
8338 23
8339 23
8340 25
8341 25
8342 23
8343 23
8344 23
8345 32
8346 27
8347 23
8348 24
8349 34
8350 26
8351 40
8352 33
8353 23
8354 25
8355 71
8356 22
8357 28
8358 23
8359 28
8360 35
8361 23
8362 27
8363 23
8364 23
8365 29
8366 26
8367 24
8368 24
8369 28
8370 23
8371 23
8372 31
8373 23
8374 23
8375 23
8376 38
8377 30
8378 23
8379 23
8380 24
8381 29
8382 23
8383 24
8384 24
8385 24
8386 33
8387 28
8388 24
8389 23
8390 34
8391 23
8392 32
8393 47
8394 24
8395 23
8396 26
8397 23
8398 32
8399 23
8400 23
8401 24
8402 23
8403 23
8404 23
8405 28
8406 23
8407 25
8408 28
8409 24
8410 23
8411 24
8412 24
8413 24
8414 26
8415 23
8416 24
8417 23
8418 33
8419 24
8420 29
8421 24
8422 24
8423 23
8424 24
8425 23
8426 24
8427 37
8428 32
8429 26
8430 23
8431 23
8432 24
8433 24
8434 40
8435 24
8436 23
8437 23
8438 32
8439 23
8440 23
8441 34
8442 24
8443 42
8444 25
8445 23
8446 37
8447 23
8448 32
8449 24
8450 24
8451 28
8452 25
8453 24
8454 33
8455 23
8456 23
8457 24
8458 24
8459 23
8460 29
8461 25
8462 23
8463 25
8464 34
8465 32
8466 24
8467 24
8468 24
8469 23
8470 23
8471 25
8472 24
8473 23
8474 32
8475 24
8476 30
8477 24
8478 23
8479 26
8480 24
8481 24
8482 54
8483 23
8484 23
8485 24
8486 38
8487 27
8488 24
8489 23
8490 29
8491 24
8492 23
8493 23
8494 24
8495 23
8496 21
8497 22
8498 24
8499 30
8500 24
8501 33
8502 28
8503 23
8504 24
8505 24
8506 24
8507 33
8508 24
8509 51
8510 24
8511 24
8512 24
8513 24
8514 24
8515 33
8516 30
8517 24
8518 24
8519 28
8520 24
8521 29
8522 30
8523 24
8524 24
8525 24
8526 24
8527 42
8528 24
8529 24
8530 30
8531 28
8532 24
8533 24
8534 24
8535 29
8536 35
8537 30
8538 25
8539 27
8540 23
8541 24
8542 24
8543 24
8544 26
8545 24
8546 24
8547 29
8548 25
8549 24
8550 24
8551 26
8552 24
8553 24
8554 26
8555 24
8556 23
8557 24
8558 23
8559 24
8560 24
8561 24
8562 24
8563 32
8564 24
8565 33
8566 23
8567 24
8568 50
8569 28
8570 23
8571 25
8572 25
8573 24
8574 24
8575 24
8576 24
8577 24
8578 24
8579 24
8580 39
8581 24
8582 24
8583 24
8584 24
8585 24
8586 24
8587 23
8588 43
8589 36
8590 35
8591 25
8592 33
8593 37
8594 24
8595 32
8596 24
8597 23
8598 24
8599 24
8600 33
8601 32
8602 34
8603 42
8604 24
8605 25
8606 24
8607 24
8608 24
8609 23
8610 27
8611 34
8612 24
8613 34
8614 29
8615 24
8616 29
8617 24
8618 36
8619 33
8620 25
8621 24
8622 24
8623 30
8624 24
8625 24
8626 23
8627 30
8628 22
8629 24
8630 24
8631 24
8632 25
8633 24
8634 24
8635 29
8636 30
8637 29
8638 28
8639 25
8640 24
8641 24
8642 31
8643 25
8644 32
8645 29
8646 24
8647 33
8648 24
8649 29
8650 24
8651 36
8652 24
8653 27
8654 24
8655 28
8656 27
8657 24
8658 33
8659 25
8660 39
8661 24
8662 31
8663 29
8664 33
8665 24
8666 24
8667 35
8668 25
8669 40
8670 94
8671 29
8672 24
8673 24
8674 25
8675 25
8676 24
8677 147
8678 24
8679 25
8680 24
8681 24
8682 50
8683 30
8684 27
8685 33
8686 33
8687 26
8688 24
8689 24
8690 24
8691 24
8692 32
8693 25
8694 24
8695 25
8696 29
8697 46
8698 32
8699 26
8700 26
8701 25
8702 24
8703 28
8704 24
8705 24
8706 24
8707 26
8708 25
8709 34
8710 26
8711 29
8712 24
8713 24
8714 24
8715 24
8716 34
8717 26
8718 34
8719 24
8720 24
8721 31
8722 34
8723 25
8724 25
8725 22
8726 25
8727 24
8728 35
8729 24
8730 24
8731 24
8732 24
8733 25
8734 24
8735 25
8736 24
8737 24
8738 24
8739 25
8740 26
8741 24
8742 52
8743 24
8744 23
8745 24
8746 36
8747 32
8748 24
8749 24
8750 25
8751 24
8752 24
8753 35
8754 25
8755 26
8756 25
8757 25
8758 24
8759 24
8760 25
8761 24
8762 24
8763 30
8764 30
8765 25
8766 27
8767 29
8768 24
8769 24
8770 24
8771 24
8772 25
8773 30
8774 35
8775 33
8776 24
8777 24
8778 38
8779 35
8780 24
8781 24
8782 25
8783 24
8784 24
8785 24
8786 28
8787 25
8788 28
8789 24
8790 26
8791 24
8792 27
8793 24
8794 35
8795 24
8796 25
8797 25
8798 39
8799 31
8800 25
8801 25
8802 24
8803 30
8804 25
8805 25
8806 25
8807 24
8808 25
8809 24
8810 24
8811 24
8812 25
8813 25
8814 34
8815 23
8816 33
8817 34
8818 25
8819 29
8820 26
8821 25
8822 26
8823 24
8824 25
8825 24
8826 69
8827 34
8828 24
8829 26
8830 24
8831 24
8832 42
8833 30
8834 38
8835 25
8836 36
8837 25
8838 34
8839 25
8840 25
8841 42
8842 37
8843 25
8844 25
8845 24
8846 25
8847 24
8848 32
8849 24
8850 24
8851 30
8852 24
8853 25
8854 25
8855 24
8856 25
8857 31
8858 24
8859 30
8860 24
8861 25
8862 25
8863 25
8864 25
8865 35
8866 25
8867 25
8868 25
8869 39
8870 31
8871 25
8872 33
8873 25
8874 25
8875 25
8876 25
8877 26
8878 24
8879 43
8880 25
8881 25
8882 25
8883 31
8884 25
8885 30
8886 26
8887 30
8888 34
8889 25
8890 24
8891 24
8892 25
8893 25
8894 24
8895 25
8896 25
8897 25
8898 25
8899 30
8900 25
8901 24
8902 24
8903 25
8904 25
8905 33
8906 25
8907 34
8908 33
8909 33
8910 36
8911 33
8912 25
8913 25
8914 30
8915 29
8916 38
8917 27
8918 25
8919 32
8920 25
8921 25
8922 25
8923 24
8924 25
8925 29
8926 25
8927 26
8928 24
8929 25
8930 30
8931 34
8932 27
8933 25
8934 36
8935 35
8936 25
8937 26
8938 25
8939 25
8940 27
8941 26
8942 25
8943 25
8944 25
8945 30
8946 30
8947 25
8948 25
8949 25
8950 25
8951 25
8952 25
8953 25
8954 34
8955 25
8956 25
8957 26
8958 25
8959 25
8960 25
8961 25
8962 42
8963 26
8964 26
8965 42
8966 25
8967 25
8968 25
8969 25
8970 25
8971 25
8972 26
8973 25
8974 25
8975 36
8976 25
8977 25
8978 40
8979 31
8980 25
8981 29
8982 25
8983 30
8984 25
8985 25
8986 169
8987 25
8988 25
8989 24
8990 25
8991 38
8992 31
8993 25
8994 25
8995 24
8996 28
8997 30
8998 25
8999 25
9000 25
9001 25
9002 30
9003 30
9004 28
9005 25
9006 25
9007 25
9008 34
9009 25
9010 24
9011 25
9012 25
9013 28
9014 24
9015 25
9016 34
9017 25
9018 26
9019 25
9020 25
9021 31
9022 30
9023 31
9024 29
9025 28
9026 25
9027 25
9028 25
9029 35
9030 28
9031 25
9032 25
9033 35
9034 25
9035 25
9036 25
9037 26
9038 31
9039 25
9040 31
9041 26
9042 39
9043 25
9044 29
9045 26
9046 26
9047 29
9048 25
9049 27
9050 24
9051 31
9052 29
9053 24
9054 30
9055 45
9056 25
9057 27
9058 26
9059 25
9060 25
9061 25
9062 35
9063 55
9064 32
9065 25
9066 25
9067 26
9068 26
9069 30
9070 35
9071 28
9072 26
9073 25
9074 25
9075 25
9076 25
9077 27
9078 25
9079 37
9080 26
9081 26
9082 25
9083 26
9084 27
9085 28
9086 25
9087 25
9088 25
9089 26
9090 25
9091 26
9092 26
9093 25
9094 29
9095 25
9096 25
9097 30
9098 34
9099 25
9100 27
9101 25
9102 29
9103 36
9104 25
9105 26
9106 25
9107 34
9108 26
9109 26
9110 28
9111 25
9112 35
9113 25
9114 25
9115 26
9116 27
9117 43
9118 34
9119 25
9120 26
9121 26
9122 27
9123 25
9124 25
9125 25
9126 25
9127 25
9128 26
9129 25
9130 31
9131 25
9132 25
9133 36
9134 25
9135 25
9136 25
9137 26
9138 25
9139 27
9140 26
9141 35
9142 28
9143 25
9144 25
9145 25
9146 25
9147 26
9148 27
9149 26
9150 31
9151 25
9152 25
9153 25
9154 26
9155 26
9156 35
9157 25
9158 26
9159 26
9160 26
9161 25
9162 25
9163 25
9164 30
9165 35
9166 25
9167 31
9168 26
9169 33
9170 25
9171 26
9172 25
9173 26
9174 37
9175 35
9176 28
9177 28
9178 37
9179 33
9180 31
9181 26
9182 30
9183 25
9184 25
9185 25
9186 25
9187 26
9188 31
9189 30
9190 25
9191 31
9192 26
9193 31
9194 42
9195 25
9196 37
9197 32
9198 25
9199 26
9200 26
9201 39
9202 25
9203 35
9204 25
9205 26
9206 25
9207 35
9208 36
9209 25
9210 26
9211 31
9212 27
9213 36
9214 35
9215 25
9216 25
9217 25
9218 31
9219 26
9220 25
9221 26
9222 35
9223 26
9224 25
9225 25
9226 31
9227 34
9228 38
9229 29
9230 25
9231 26
9232 25
9233 26
9234 32
9235 26
9236 25
9237 26
9238 26
9239 29
9240 26
9241 25
9242 26
9243 25
9244 25
9245 26
9246 25
9247 26
9248 31
9249 26
9250 27
9251 26
9252 25
9253 26
9254 26
9255 26
9256 47
9257 25
9258 25
9259 26
9260 28
9261 27
9262 26
9263 31
9264 26
9265 45
9266 27
9267 41
9268 27
9269 26
9270 26
9271 26
9272 25
9273 27
9274 37
9275 33
9276 26
9277 27
9278 26
9279 25
9280 25
9281 26
9282 26
9283 35
9284 26
9285 26
9286 27
9287 25
9288 40
9289 26
9290 29
9291 31
9292 26
9293 31
9294 26
9295 27
9296 26
9297 26
9298 28
9299 25
9300 27
9301 26
9302 26
9303 26
9304 27
9305 26
9306 28
9307 32
9308 26
9309 26
9310 26
9311 25
9312 26
9313 27
9314 30
9315 32
9316 28
9317 26
9318 26
9319 26
9320 26
9321 30
9322 26
9323 28
9324 25
9325 26
9326 25
9327 31
9328 36
9329 29
9330 30
9331 35
9332 26
9333 26
9334 26
9335 26
9336 26
9337 27
9338 26
9339 26
9340 27
9341 26
9342 33
9343 44
9344 26
9345 26
9346 32
9347 26
9348 46
9349 29
9350 25
9351 27
9352 10
9353 16
9354 29
9355 22
9356 26
9357 28
9358 27
9359 26
9360 38
9361 26
9362 27
9363 43
9364 29
9365 31
9366 26
9367 26
9368 26
9369 26
9370 25
9371 29
9372 34
9373 26
9374 32
9375 26
9376 26
9377 31
9378 30
9379 26
9380 31
9381 26
9382 27
9383 26
9384 27
9385 26
9386 31
9387 26
9388 37
9389 26
9390 28
9391 37
9392 26
9393 26
9394 31
9395 28
9396 26
9397 26
9398 27
9399 26
9400 27
9401 26
9402 26
9403 26
9404 29
9405 36
9406 36
9407 28
9408 26
9409 26
9410 26
9411 26
9412 32
9413 29
9414 34
9415 29
9416 33
9417 37
9418 26
9419 42
9420 26
9421 25
9422 26
9423 26
9424 32
9425 38
9426 26
9427 23
9428 23
9429 32
9430 26
9431 27
9432 27
9433 26
9434 34
9435 26
9436 26
9437 27
9438 26
9439 32
9440 26
9441 43
9442 26
9443 26
9444 32
9445 34
9446 29
9447 26
9448 26
9449 27
9450 39
9451 27
9452 37
9453 26
9454 26
9455 26
9456 26
9457 39
9458 27
9459 31
9460 32
9461 31
9462 30
9463 36
9464 27
9465 27
9466 32
9467 27
9468 26
9469 26
9470 26
9471 27
9472 26
9473 26
9474 26
9475 26
9476 27
9477 44
9478 40
9479 27
9480 26
9481 39
9482 26
9483 29
9484 29
9485 26
9486 32
9487 30
9488 26
9489 31
9490 26
9491 26
9492 27
9493 26
9494 30
9495 31
9496 26
9497 32
9498 27
9499 27
9500 39
9501 37
9502 29
9503 39
9504 27
9505 27
9506 26
9507 26
9508 31
9509 26
9510 179
9511 26
9512 32
9513 27
9514 27
9515 37
9516 26
9517 37
9518 27
9519 32
9520 26
9521 32
9522 27
9523 26
9524 26
9525 35
9526 26
9527 85
9528 37
9529 27
9530 32
9531 32
9532 31
9533 30
9534 27
9535 30
9536 26
9537 27
9538 26
9539 26
9540 28
9541 26
9542 37
9543 30
9544 27
9545 46
9546 26
9547 30
9548 37
9549 38
9550 34
9551 36
9552 26
9553 32
9554 31
9555 26
9556 32
9557 26
9558 46
9559 41
9560 27
9561 27
9562 29
9563 26
9564 26
9565 27
9566 27
9567 26
9568 26
9569 38
9570 39
9571 26
9572 27
9573 34
9574 32
9575 27
9576 26
9577 26
9578 27
9579 28
9580 30
9581 26
9582 26
9583 33
9584 27
9585 27
9586 33
9587 26
9588 27
9589 30
9590 28
9591 11
9592 27
9593 23
9594 27
9595 26
9596 27
9597 27
9598 91
9599 27
9600 26
9601 36
9602 27
9603 26
9604 27
9605 36
9606 27
9607 32
9608 32
9609 32
9610 29
9611 27
9612 32
9613 33
9614 37
9615 38
9616 26
9617 26
9618 27
9619 42
9620 31
9621 28
9622 38
9623 28
9624 27
9625 27
9626 32
9627 30
9628 27
9629 31
9630 27
9631 31
9632 32
9633 27
9634 26
9635 31
9636 28
9637 33
9638 27
9639 27
9640 26
9641 27
9642 28
9643 44
9644 28
9645 27
9646 26
9647 37
9648 30
9649 27
9650 26
9651 27
9652 27
9653 27
9654 31
9655 27
9656 33
9657 27
9658 27
9659 28
9660 38
9661 29
9662 27
9663 26
9664 27
9665 39
9666 28
9667 27
9668 32
9669 26
9670 27
9671 41
9672 39
9673 36
9674 33
9675 32
9676 32
9677 32
9678 29
9679 42
9680 31
9681 27
9682 32
9683 27
9684 27
9685 37
9686 26
9687 28
9688 30
9689 27
9690 26
9691 32
9692 27
9693 27
9694 26
9695 37
9696 27
9697 37
9698 28
9699 27
9700 27
9701 28
9702 28
9703 28
9704 44
9705 27
9706 27
9707 27
9708 35
9709 26
9710 27
9711 27
9712 27
9713 26
9714 26
9715 27
9716 27
9717 23
9718 32
9719 34
9720 27
9721 27
9722 28
9723 27
9724 27
9725 27
9726 27
9727 31
9728 27
9729 27
9730 26
9731 30
9732 27
9733 31
9734 29
9735 27
9736 36
9737 30
9738 26
9739 37
9740 29
9741 27
9742 28
9743 28
9744 28
9745 27
9746 28
9747 28
9748 48
9749 27
9750 28
9751 27
9752 27
9753 29
9754 26
9755 29
9756 32
9757 27
9758 27
9759 29
9760 41
9761 28
9762 32
9763 28
9764 59
9765 27
9766 27
9767 27
9768 11
9769 27
9770 11
9771 28
9772 24
9773 27
9774 30
9775 32
9776 27
9777 27
9778 46
9779 29
9780 11
9781 38
9782 27
9783 28
9784 28
9785 28
9786 28
9787 27
9788 38
9789 33
9790 28
9791 27
9792 33
9793 28
9794 27
9795 27
9796 102
9797 27
9798 27
9799 27
9800 33
9801 27
9802 27
9803 27
9804 28
9805 31
9806 27
9807 81
9808 27
9809 28
9810 28
9811 30
9812 35
9813 28
9814 26
9815 28
9816 27
9817 28
9818 28
9819 27
9820 27
9821 28
9822 32
9823 33
9824 39
9825 38
9826 142
9827 28
9828 27
9829 28
9830 27
9831 43
9832 34
9833 28
9834 32
9835 40
9836 27
9837 27
9838 28
9839 28
9840 27
9841 29
9842 27
9843 35
9844 27
9845 27
9846 27
9847 27
9848 29
9849 27
9850 27
9851 33
9852 29
9853 30
9854 27
9855 36
9856 28
9857 32
9858 27
9859 27
9860 33
9861 29
9862 27
9863 27
9864 41
9865 27
9866 27
9867 34
9868 27
9869 29
9870 29
9871 26
9872 35
9873 28
9874 29
9875 29
9876 27
9877 27
9878 28
9879 33
9880 28
9881 27
9882 27
9883 30
9884 27
9885 29
9886 38
9887 27
9888 27
9889 27
9890 28
9891 27
9892 28
9893 27
9894 37
9895 27
9896 34
9897 28
9898 30
9899 32
9900 27
9901 33
9902 27
9903 28
9904 38
9905 28
9906 28
9907 27
9908 27
9909 28
9910 39
9911 27
9912 28
9913 28
9914 48
9915 28
9916 27
9917 28
9918 27
9919 27
9920 36
9921 28
9922 28
9923 39
9924 40
9925 28
9926 38
9927 30
9928 28
9929 27
9930 28
9931 27
9932 28
9933 27
9934 28
9935 42
9936 43
9937 28
9938 33
9939 38
9940 33
9941 39
9942 28
9943 30
9944 28
9945 27
9946 34
9947 31
9948 33
9949 27
9950 28
9951 37
9952 28
9953 27
9954 43
9955 28
9956 28
9957 40
9958 33
9959 28
9960 28
9961 27
9962 29
9963 28
9964 27
9965 34
9966 27
9967 27
9968 27
9969 33
9970 29
9971 27
9972 28
9973 28
9974 44
9975 28
9976 28
9977 28
9978 29
9979 46
9980 28
9981 28
9982 28
9983 28
9984 28
9985 28
9986 41
9987 28
9988 28
9989 27
9990 43
9991 35
9992 27
9993 28
9994 28
9995 27
9996 35
9997 28
9998 38
9999 27
10000 28
