100 1614.3 3316.57
101 1678.32 1803.18
102 1680.54 1920.12
103 1509.17 1703.56
104 1867.28 2289.22
105 1670.84 1934.88
106 2078.54 1853.34
107 1630.37 1779.09
108 7131.93 1929.64
109 1597.46 3088.09
110 1603.65 1934.15
111 1523.19 1809.63
112 1595.24 1766.56
113 1639.11 1783.2
114 1585.33 1739.41
115 1612.49 1765.36
116 1804.21 3344.42
117 1663.11 1767.47
118 1655.39 1823.13
119 1565.35 1840.6
120 1677.88 1800.28
121 1658.54 1887.88
122 1508.13 1755.21
123 1684.53 1791.09
124 1535.64 1808.43
125 1765.69 1953.68
126 1703.4 1831.27
127 1570 1837.99
128 1738.97 1990.97
129 1603.79 1799.53
130 1534.89 1778.5
131 1528.48 1810.29
132 1603.24 1814.41
133 1611.45 1794.61
134 1588.16 1788.89
135 1618 1842.99
136 1582.37 1764.13
137 1587.23 1792.64
138 1559.06 1777.9
139 1661.79 1796.97
140 1642.85 1854.44
141 1612.09 1813.47
142 1660.35 1877.82
143 1636.45 1795.7
144 1625.67 1833.57
145 1693.23 1831.33
146 1619.29 1825.04
147 1648.69 1828.52
148 1587.1 1838.22
149 1681.44 1843.71
150 1519.65 1787.53
151 1580.32 1858.22
152 1609.36 1861.29
153 1649.96 1857.23
154 1684.74 1827.92
155 1680.38 1831.11
156 1569.82 1793.15
157 1692.19 1939.68
158 1666.27 1893.56
159 1631.07 1802.24
160 1613.46 1827.37
161 1729.67 1999.4
162 1577.81 1836.14
163 2751.16 1897.61
164 1678.88 1971.06
165 1730.68 1915.79
166 1548.54 1848.42
167 1496.57 1699.34
168 1989.57 2060.71
169 1529.13 1741.04
170 1560.4 1851.18
171 1946.07 2244.48
172 1500.37 1853.29
173 1622.3 1882.05
174 1602.61 1872.6
175 1546.26 1839.01
176 1611.06 1845.59
177 1701.98 1986.85
178 1548.28 1905.52
179 1667.65 1925.58
180 1532.06 1858.38
181 1596.05 1833.69
182 1856.22 2141.64
183 1560.03 1852.03
184 1574.39 1836.63
185 1548.43 1890.12
186 1588.15 1889.91
187 1540.83 1809.83
188 1602.88 1859.03
189 1526.05 1848.75
190 1667.04 1918.25
191 1610.53 1993.38
192 1586.31 1871.57
193 1621.47 1870.69
194 1724.7 2043.96
195 2173.63 2980.54
196 1686.08 2019.63
197 1699.7 1944.12
198 1749.46 1943.82
199 1636.86 1930.13
200 1624.38 1886.93
201 1743.73 1963.63
202 2127.9 2189.54
203 2233.34 2362.74
204 1953.94 2102.95
205 1806.24 1964.11
206 1548.29 3469.8
207 1705.01 2019.28
208 2794.78 2042.23
209 1639.99 1871.91
210 1930.26 1940.1
211 1361.61 1599.53
212 2531.14 2170.57
213 1403.85 1653.68
214 1673.18 1909.35
215 1641.08 1940.38
216 1538.12 1903.95
217 1573.25 1914.92
218 1603.32 1964.38
219 1587.42 1892.16
220 1698.15 2142.22
221 1645.24 1981.19
222 1515.54 1948.16
223 1544.02 1920.94
224 1631.29 1928.24
225 1512.44 1922.99
226 1621.9 1954.57
227 2205.21 1998.42
228 1588.57 1964.21
229 1529.82 1921.44
230 1631.89 1953.07
231 1627.79 1919.56
232 1578.03 1930.71
233 1723.52 2098.54
234 1571.44 1951.58
235 1643.04 1956.51
236 1786.35 2043.03
237 1549.43 1986.85
238 1609.56 1929.39
239 1641.51 1941.18
240 1535.61 1924.8
241 1596.87 1910.07
242 1598.04 1955.15
243 1707.61 2127.97
244 1623.38 1953.69
245 1778.64 2239.57
246 1596.17 1934.69
247 1575.78 1934.59
248 1631.19 1986.36
249 1607.67 1963.13
250 1801.5 2149.8
251 2284.76 2309.94
252 1728.96 2126.65
253 1552.98 1950.05
254 1558.01 1959.14
255 1579.72 1955.2
256 1551.25 1931.65
257 2587.2 1989.65
258 1962.36 2468.21
259 1527.05 1995.28
260 1503.07 1957.28
261 1666.34 2053.88
262 1625.51 1916.63
263 1503.05 1968.39
264 1662.92 2113.08
265 1647.97 1995.62
266 1607.64 2001.75
267 1505.31 1929.25
268 1575.11 1998.66
269 1696.5 2194.49
270 1562.43 1979.12
271 1767.5 2263.65
272 1687.15 2004.74
273 1604.28 2157.57
274 1686.64 2053.35
275 1691.51 2039.5
276 1446.44 1871.83
277 1655.49 1976.75
278 1732.04 2128.26
279 1537.29 1979.79
280 1595.3 1962.07
281 1963.91 2053.6
282 1511.06 1985.81
283 1544.36 2115.46
284 1512.01 1988.12
285 1619.23 1977.41
286 2457.05 2147.58
287 1563.25 2000.93
288 1621.09 2054.4
289 1664.16 2010.05
290 1785.74 2263.98
291 1507.95 1999.81
292 1595.75 2005.64
293 1674.26 2194.57
294 1702.83 2062.57
295 1648.52 2011.81
296 1598.08 2072.01
297 1753.01 2085.49
298 1782.46 2319.31
299 1658.51 2012.49
300 1594.01 1988.25
301 1558.88 1972.14
302 1643.99 2055.38
303 1382.21 1763.96
304 1384.1 1830.07
305 1401.75 1842.37
306 1424.72 1863.16
307 1432.2 1828.48
308 1393.18 1873.8
309 1479.45 2053.81
310 1380.02 2559.7
311 1377.63 1861.03
312 1401.48 1922.59
313 1396.84 1854.84
314 2009.77 1857.78
315 1392.32 1884.67
316 1469.39 2141.34
317 1444.94 1876.4
318 1674.5 1941.3
319 1429 1889.18
320 1406.71 1867.78
321 1339.87 1782.7
322 1497.47 2057.57
323 1429.2 1919.08
324 1412.47 1919.62
325 1386.56 1852.87
326 1432.47 2009.76
327 1548.63 1906.09
328 1636.67 2054.14
329 1538.91 2083.25
330 1372.93 1887.23
331 1478.26 2148.24
332 1444.7 1900.08
333 1387.88 1911.39
334 1404.92 1875.8
335 1364.34 1920.61
336 1524.62 1896.02
337 1557.89 1838.26
338 1346.5 1760.42
339 1390.45 1911.72
340 1386.31 1883.23
341 1390.11 1900.3
342 1459.92 1956.62
343 1394.97 1893.56
344 1384.58 1912.54
345 1422.99 1923.6
346 1732.14 2305.51
347 1447.08 1944.64
348 1530.11 1925.19
349 1389.1 1926.65
350 1393.18 1912.65
351 1563.34 2079
352 1376.92 1896.62
353 1409.41 1917.05
354 1404.12 1911.74
355 1310.42 2062.98
356 1384.38 1960.1
357 1442.88 1903.6
358 1401.9 1972.6
359 1590.77 2268.95
360 1384.78 1927.13
361 1440.13 1946.98
362 1414.88 1953.41
363 1504.12 2235.93
364 1682.98 1868.27
365 1371.53 1902.12
366 1410.87 1980.5
367 1489.89 1951.51
368 1389.7 1926.7
369 1410.48 1936.53
370 1412.38 1948.88
371 1532.07 2274.18
372 1589.5 2240.77
373 1420.65 1948.92
374 1492.2 2191.54
375 1391.26 1947.56
376 1514.88 1982.69
377 1746.33 2365.3
378 1662.96 1961.17
379 1473.65 2154.62
380 1654.39 1986.43
381 1391.75 1976.8
382 1720.97 2031.56
383 1380.49 1969.07
384 1383.1 1976.24
385 1259.24 1660.97
386 1422.92 1958.85
387 1568.77 2267.5
388 1402.02 1981.88
389 1631.93 2123.55
390 1406.44 1972.45
391 1830.04 2010.18
392 1388.42 1992.54
393 1403.02 1997.36
394 1499.66 2238.06
395 1374.21 1889.51
396 1336.87 1885.75
397 1424.76 1964.02
398 1389.65 2011.52
399 1506.67 1965.38
400 1426.54 2102.16
401 1390.18 2019.84
402 1709.05 2047.4
403 1294.13 1842.42
404 1353.75 1963.26
405 1515.2 2225.7
406 1402.52 1997.58
407 1397.88 1988.2
408 1390.94 2010.86
409 1987.34 2050.29
410 1482.44 2083.82
411 1410.43 2045.87
412 1430.7 2013.7
413 1577.18 2314.59
414 1801.39 2331.15
415 1375.94 2028.39
416 1418.91 2375.19
417 1397.95 1989.72
418 1389.15 2013.17
419 1349.62 1914.89
420 1392.17 2131.58
421 1431.01 2135.03
422 1397.66 2014.6
423 1512.71 2253.36
424 1379.06 2046.32
425 1600.82 2966.15
426 1424.56 2035.55
427 1489.24 2261.94
428 1483.88 2024.66
429 1678.56 2322.32
430 1394.81 2019.69
431 1408.31 2011.73
432 1418.08 2002.15
433 2018 2311.69
434 1550.34 2386.17
435 1434.95 2045.68
436 1382.33 2085.45
437 1393.27 2054.17
438 1544.06 2368.98
439 1426.9 2177.23
440 1497.44 2170.2
441 1386.16 2044.63
442 1345 2098.88
443 1483.89 2823.54
444 1390.54 2076.88
445 1433.7 2118.41
446 1378.51 2043
447 1408.72 2111.96
448 1627.53 2448.32
449 1542.67 2086.49
450 1211.72 1588.04
451 1431.81 2046.16
452 1380.33 2099.34
453 1394.38 2071.34
454 1535.36 2450.55
455 1375.27 2073.67
456 1449.8 2161.65
457 1522.83 2053.18
458 1473.91 2291.57
459 1649.75 2524.62
460 1705.47 2545.31
461 1392.81 2114.48
462 1566.54 2634.09
463 1984.34 2149.86
464 1348.66 2031.79
465 1401.27 2083.42
466 1667.45 2410.77
467 1652.11 2866.83
468 1510.71 2388.06
469 1404.37 2372.05
470 1543.52 2483.31
471 1337.55 2003.36
472 1407.11 2159.52
473 1400.81 2121.18
474 1399.46 2162.12
475 1386.36 2172.75
476 1394.97 2134.51
477 1406.95 2155.07
478 1555.08 2476.06
479 1641.45 2194.79
480 1404.07 2109.04
481 1421.2 2126.89
482 1497.11 2381.67
483 1553.96 2118.82
484 1389.59 2192.94
485 1390.35 2066.38
486 1534 2519.22
487 1391.19 2821.01
488 1389.02 2164.94
489 1471.37 2272.33
490 1910.33 2447.52
491 1397.51 2189.08
492 1400.33 2138.89
493 1464.49 2302.33
494 1551.29 2515.57
495 1383.86 2134.09
496 1409 2181.79
497 1436.83 2176.87
498 1443.26 2656.35
499 1406.87 2161.46
500 1299.86 2056.33
501 1476.98 2432.87
502 1489.08 2190.45
503 1653.25 2585.94
504 1385.54 2168.85
505 1647.94 2689.91
506 1476.59 2738.99
507 1463.19 2608.57
508 1393.85 2177.83
509 1414.19 2189.26
510 1419.07 2182.46
511 1404.7 2185.82
512 1477.99 2874.47
513 1357.01 2092.6
514 1400.15 2153.21
515 1436.25 2214.66
516 1514.08 2160.85
517 1784.52 2651.2
518 1406.58 2187.55
519 1418.85 2234.4
520 1567.36 2341.27
521 1400.19 2195.47
522 1407.36 2251.35
523 1398.5 2211.98
524 1432.69 2248.96
525 1534.77 2592.93
526 1621.11 2247.98
527 1473.83 2635.52
528 1383.13 2211.9
529 1394.14 2338.94
530 1435.65 2309.3
531 1393.3 2258.47
532 1606.99 2869.01
533 1415.31 2227.43
534 1319.28 2163.62
535 1407.41 2641.82
536 1392.99 2233.81
537 1392 2272.12
538 1664.76 2382.52
539 1382.26 2271.2
540 1425.1 2254.75
541 1372.61 2242.74
542 1388.01 2257.27
543 1420.24 2265.09
544 1530.74 2543.45
545 1455.02 2241.94
546 1389.87 2255.65
547 1529.79 2553.37
548 1533.76 2575.1
549 1392.12 2276.18
550 1882.65 2285.2
551 1471.01 2521.8
552 1430.57 2278.85
553 1539.33 2445.1
554 1463.63 2491.05
555 1467.75 2291.69
556 1644.26 2280.13
557 1394.2 2268.24
558 1537.98 2672.27
559 1378.94 2258.09
560 1455.48 2479.78
561 1471.28 2546.2
562 1522.17 2589.72
563 1406.1 2518.87
564 1387.61 2275.48
565 1406.29 2310.05
566 1690.51 2321.97
567 1375.74 2195.53
568 1380.11 2318.3
569 1439.84 2320.77
570 1451.28 2296.84
571 1386.81 2339.63
572 1417.22 2988.5
573 1403.47 2296.16
574 1541.1 2643.93
575 1425.63 2505.15
576 1534.6 2705.29
577 1495.03 2281.97
578 1437.25 2603.53
579 1469.62 2655.76
580 1402.57 2261.79
581 1469.17 2677.78
582 1923.43 2349.74
583 1248.83 1891.95
584 1508.81 2484.46
585 1388.93 2833.58
586 1406.71 2326.26
587 1360.53 2280.34
588 1804.22 2657.76
589 1466.88 2456.44
590 1381.41 2340.89
591 1390.85 2415.39
592 1727.28 2815.48
593 1496.22 3211.67
594 1401.84 2339.5
595 1393.5 2341.69
596 1538.24 2367.26
597 1396.32 2389.32
598 1419.15 2340.5
599 1520.4 2910.22
600 1409.96 2381.57
601 1427.57 2422.58
602 1333.55 2267.68
603 1439.48 2454.05
604 1388.72 2413.38
605 1449.1 2443.39
606 1447.66 3918.61
607 1583.47 2872.07
608 1389.04 2392.74
609 1388.38 2531.63
610 1433.27 2427.3
611 1386.22 2402.6
612 1562.94 2481.85
613 1403.94 2431.39
614 1492.29 2800.06
615 1496.11 2739.31
616 1446.36 2478.41
617 1406.46 2528.74
618 1585.34 3392.34
619 1397.59 2417.72
620 1659.87 2869.8
621 1700.52 3077.61
622 1407.08 2494.3
623 1536 2792.51
624 1381.31 2519.7
625 1246.65 1928.71
626 1391.13 2552.19
627 1571.82 2810.33
628 1505.96 2763.84
629 1394.61 2521.84
630 1449.66 2458.76
631 1449.99 2720.48
632 1398.77 2446.51
633 1593.97 2860.12
634 1377.05 2443.45
635 1242.92 1949.09
636 1649.49 3022.3
637 1481.26 3075.16
638 1378.16 2426.5
639 1428.71 2453.18
640 1382.22 2845.19
641 1410.17 2746.3
642 1389.95 2452.27
643 1491.29 2960.37
644 1450.79 2622.88
645 1550.35 2508.7
646 1379.87 2472.13
647 1518.74 2846.44
648 1418.31 2639.64
649 1377.92 2772.15
650 1662.89 3035.61
651 1389.44 2482.53
652 1762.29 2491.12
653 1401.04 2629.43
654 1434.9 2720.92
655 1500.43 2896.41
656 1388.32 2468.66
657 1432.23 2859.64
658 1422.17 2475.03
659 1533.2 2507.78
660 1521.83 2892.32
661 1473.41 3291.02
662 1428.88 2492.48
663 1506.4 2537.92
664 1389.56 2519.51
665 1460.77 2940.65
666 1394.59 2708.85
667 1263.72 2038.36
668 1285.08 1993.18
669 1393.68 2569.63
670 1422.3 2561.74
671 1465.09 2545.24
672 1462.3 2526.36
673 1499.75 2887.04
674 1456.59 2939.59
675 1434.6 2558.76
676 1422.18 2663.62
677 1425.68 2766.37
678 1381.37 2515.33
679 1523.14 3012.41
680 1449.67 2517.97
681 1576.5 2556.94
682 1417.94 2567.13
683 1409.87 2547.25
684 1384.21 2615.51
685 1441.59 2472.8
686 1368.1 2523.64
687 1544 2980.06
688 1518.83 3017.32
689 1366.94 2632.31
690 1731.92 2566.49
691 1378.39 2487.64
692 1432.75 2571.05
693 1395.3 2574.21
694 1415.52 2588.37
695 1383.12 2595.53
696 1385.51 2560.53
697 1578.18 2869.81
698 1491.54 3125.58
699 1596.03 2990.77
700 1378.13 2573.19
701 1379.29 2569.9
702 1416.07 2844.32
703 1239.84 1926.84
704 1486.37 2950.26
705 1730 3445.25
706 1393.31 2588.18
707 1451.6 2662.42
708 1565.88 2602.91
709 1350.52 2500.95
710 1491.66 3029.15
711 1518.52 2730.62
712 1537.15 2589.55
713 1389.59 2588.1
714 1516.6 3102.49
715 1591.53 3148.47
716 1515.6 3078.4
717 1610.03 3249.12
718 1405.92 2759.06
719 1480.81 2622.53
720 1467.31 3005.72
721 1400.91 2645.48
722 1511.96 3060.6
723 1405.77 2628.45
724 1514.51 2727.37
725 1366.72 2546.32
726 1626.7 3218.38
727 1391.04 2648.23
728 1562.22 3513.88
729 1624.95 2711.21
730 1621.8 3358.95
731 1521.41 3100.21
732 1462.02 2664.66
733 1377.26 2665.17
734 1417.09 2925.45
735 1573.91 2807.5
736 1358.72 2596.42
737 1458.94 2647.44
738 1398.92 2679.28
739 1623.16 2525.34
740 1619.18 3308.95
741 1381.17 2611.79
742 1464.27 3072.63
743 1460.64 2732.58
744 1676.81 3251.59
745 1401.71 2641.4
746 1397.44 2686.61
747 1517.72 3399.44
748 1642.16 3417.8
749 1413.59 2737.37
750 1490.66 3052.54
751 1377.85 2689.01
752 1573.37 3060.16
753 1574.69 3175.05
754 1386.78 2643.04
755 1600.75 3105.17
756 1390.79 2686.2
757 1548.02 3095.15
758 1468.26 2836.4
759 1288.69 2119.07
760 1422.84 3073.26
761 1436.42 2855.64
762 1385.66 2709.17
763 1560.94 3070.13
764 1514.91 3208.86
765 1425.46 2717.54
766 1457.56 2846.03
767 1441.17 2939.34
768 1398.15 2726.56
769 1677.25 3349.05
770 1400.42 2685.13
771 1414.32 2705.28
772 1381.52 2735.43
773 1576.62 3365.89
774 1440.64 2749.8
775 1464.36 3028.65
776 1610.18 3692.15
777 1609.07 3317.43
778 1496.02 3175.81
779 1390.58 2728.31
780 1638.72 3431.63
781 1573.19 3287.58
782 1573.51 2798.37
783 1383.92 2865.4
784 1462.32 2992.15
785 1404.43 2732.74
786 1456.68 2641.74
787 1493.85 3172.2
788 1448.42 2809.57
789 1578.41 3169.67
790 1441.71 2803.11
791 1426.53 2885.58
792 1423.77 2869.43
793 1482.75 3180.95
794 1261.79 2271.3
795 1388.51 2767.49
796 1462.48 3022.47
797 1489.43 3185.18
798 1410.71 2917.84
799 1445.74 2995.37
800 1494.36 3425.42
801 1334.3 2678.27
802 1384.89 2767
803 1775.32 3593.35
804 1540.23 2753.79
805 1591.42 2708.06
806 1493.52 2998.02
807 1549.26 3342.97
808 1479.24 3289.12
809 1433.23 2869.37
810 1389.24 2851.15
811 1401.14 2716.63
812 1522.84 3288.57
813 1387.92 2788.04
814 1554.26 2896.1
815 1432.54 2790.14
816 1463.08 2642.49
817 1503.94 3336.23
818 1411.69 2785.87
819 1389.82 2844.92
820 1580 3463.95
821 1368.53 2697.43
822 1504.61 3243.52
823 1568.1 3362.81
824 1416.89 3041.87
825 1493.08 3336.45
826 1447.12 3400.78
827 1391.25 2787.17
828 1481.01 3304.56
829 1535.63 3268.68
830 1482.02 3310.72
831 1418.67 2739.74
832 1493.99 3371.19
833 1393.35 2871.68
834 1404.29 2854.4
835 1393.4 2887.04
836 1387.34 2861.59
837 1697.65 2910.69
838 1580.79 3480.34
839 1531.6 3422.03
840 1489.66 2984.17
841 1404.57 2853.87
842 1511.81 2863.82
843 1606.27 3431.81
844 1415.54 2901.09
845 1611.88 3241.52
846 1668.79 3574.97
847 1440.75 3162.43
848 1392.63 2880.95
849 1383.07 2850.66
850 2137.75 3298.48
851 1348.38 2781.82
852 1630.3 3543.92
853 1361.02 2888.22
854 1550.56 2903.39
855 1394.36 3051.49
856 1390.03 2677.99
857 1404.13 2928.2
858 1480.13 3290.12
859 1389.14 2968.59
860 1543.65 3256.18
861 1343.54 2149.77
862 1387.81 2894.8
863 1334.63 2824.84
864 1384.33 3118.09
865 1375.78 2790.08
866 1399.44 2949.35
867 1358.71 2148.37
868 1353.41 2726.79
869 1394.51 2908.78
870 1253.51 2308.09
871 1628.62 3019.28
872 1443.05 3224.25
873 1562.54 3022.94
874 1399.35 2929.17
875 1580.07 3537.86
876 1411.16 2878.64
877 1409.97 2946.41
878 1406.42 2897.42
879 1489.68 3362.48
880 1397.63 3059.91
881 1487.61 3384.38
882 1504.54 3408.23
883 1583.69 3541.67
884 1399.18 2959.9
885 1427.96 3034.62
886 1377.47 2992.02
887 1401.01 2967.29
888 1571.05 3745.18
889 1397.36 2940.67
890 1404.17 2964.19
891 1422.98 3003.74
892 1624.84 3284.25
893 1412.58 3053.69
894 1467.08 3133.59
895 1428.25 2970.36
896 1451.46 3002.49
897 1465.6 3144.92
898 1392.71 2926.67
899 1445.24 2947.28
900 1623.06 3486.46
901 1481.39 3655.41
902 1512.07 3788.01
903 1397.49 2982.67
904 1573.59 3892.41
905 1719.24 3553.4
906 1387.39 2635.47
907 1390.17 3020.33
908 1508.99 2949.17
909 1432.38 3045.85
910 1508.98 3098.26
911 1535.32 3091.25
912 1438.53 3169.91
913 1396 3243.21
914 1577.96 3682.83
915 1365.13 3247.08
916 1595.42 3564.07
917 1411.78 3100.05
918 1512.12 3551.24
919 1382.73 2966.65
920 1406.42 3150.02
921 1565.39 3758.86
922 1483.27 3254.79
923 1391.13 3043.28
924 1574.15 3613.27
925 1488.55 3359.91
926 1458.39 3211.59
927 1616.45 3040.23
928 1547.14 3175.44
929 1478.48 3191.19
930 1400.5 3148.37
931 1407.23 3254.9
932 1535.83 3037.31
933 1547.53 3605.61
934 1354.49 2972.6
935 1511.24 3521.93
936 1495.73 3688
937 1508.18 3077.96
938 1397.86 3026.79
939 1363.28 3099.04
940 1453.54 2989.14
941 1386.97 3034.67
942 1372.46 2999.6
943 1568.57 3597.76
944 1569.13 3764.01
945 1483.27 2244.94
946 1422.76 2316.15
947 1291.93 2483.93
948 1229.65 2378.4
949 1345.41 3008.75
950 1593.21 3574.83
951 1253.86 2280.53
952 1712.83 3644.49
953 1520.97 3621.92
954 1432.51 3169.38
955 1534.4 3727.63
956 1401.77 3128.73
957 1536.92 3635.51
958 1559.61 3781.31
959 1443.25 3111.74
960 1503.08 3711.99
961 1572.78 3678.94
962 1403.15 3136.3
963 1399.61 3106.73
964 1388.75 3184.74
965 1573.85 3880.52
966 1700.84 3488.99
967 1578.25 3717.12
968 1406.3 3197.16
969 1444.05 3233.57
970 1420.63 3475.93
971 1432.46 2448.81
972 1598.07 3752.58
973 1274.68 2687.39
974 1397.85 3204.84
975 1406.67 3383.79
976 1524.5 3910.32
977 1348 3027.49
978 1587.64 3931.23
979 1367.46 3088.58
980 1514.92 3670.36
981 1389.56 3146.1
982 1507.73 3638.01
983 1341.88 3152.82
984 1608.27 4067.44
985 1398.78 3630.25
986 1381.99 3145.32
987 1462.56 3248.42
988 1428.49 3161.65
989 1476.84 3119.08
990 1414.04 3108.46
991 1406.4 3386.14
992 1355.81 3165.38
993 1413.73 3207.07
994 1429.17 3189.01
995 1639.23 3984.98
996 1490.84 3682.13
997 1362.83 3122.77
998 1342.37 3062.63
999 1393 3211.82
1000 1393.82 3263.19
1001 1567.65 3812.94
1002 1403.34 3227.46
1003 1499.25 3678.59
1004 1525.96 4192.08
1005 1407.98 3188.04
1006 1614.2 3719.11
1007 1419.55 3143.69
1008 1391.44 3232.66
1009 1399.43 3193.4
1010 1411.68 3136.77
1011 1360.91 3256.97
1012 1421.45 3225.94
1013 1406.95 3214.69
1014 1370.67 3277.19
1015 1467.02 3235.43
1016 1508.84 3743.21
1017 1256.95 2400.38
1018 1549.53 3764.17
1019 1398.66 3265.25
1020 1541.58 3810.52
1021 1375.58 3154.55
1022 1389.2 3349.17
1023 1367.1 3158.66
1024 1462.93 3221.21
1025 1387.29 3366.3
1026 1517.31 3847.07
1027 1515.9 3812.59
1028 1378.25 3353.54
1029 1422.45 3329.38
1030 1397.05 3243.9
1031 1503.94 3737.03
1032 1583.6 3916.27
1033 1396.75 3252.88
1034 1793.03 4006.22
1035 1387.65 3222.06
1036 1506.24 3821.86
1037 1408.09 3333.85
1038 1418.76 3373.4
1039 1394.2 3308.32
1040 1496.39 3834.59
1041 1420.21 3318.42
1042 1549.84 3799.13
1043 1664.77 3369.5
1044 1339.39 3043.12
1045 1513.13 3453.92
1046 1311.08 2645.32
1047 1477.61 3346.61
1048 1537.54 3867.8
1049 1395.53 3387.17
1050 1538.82 3862.48
1051 1673 3902.44
1052 1413.78 3227.61
1053 1273.6 2533.45
1054 1388.95 3340.4
1055 1768.49 4057.63
1056 1440.15 3494.73
1057 1565.13 4164.75
1058 1472.89 3440.64
1059 1361.05 3332.85
1060 1400.47 3256.85
1061 1585.85 3939.3
1062 1589.98 3870.4
1063 1335.4 2890.09
1064 1599.18 3924.32
1065 1363.02 3188.49
1066 1546.37 4080.71
1067 1358.88 3357.59
1068 1414.73 3310.26
1069 1520.48 3937.3
1070 1714.69 4178.62
1071 1370.7 3277.62
1072 1511.23 3873.61
1073 1584.95 3678.56
1074 1588.38 3600
1075 1391.87 3309.26
1076 1385.2 3338.15
1077 1417.03 3228.98
1078 1369.37 3290.18
1079 1560.9 4055.06
1080 1681.38 4401.66
1081 1535.13 3917.03
1082 1413.44 3337.62
1083 1495.94 3335.4
1084 1529.34 4089.24
1085 1410.72 3480.96
1086 1372.86 3292.27
1087 1426.45 3384.13
1088 1295.36 2484.71
1089 1512.09 3937.65
1090 1395.71 3340.23
1091 1253.24 2526.92
1092 1662.75 4153.23
1093 1390.21 3398.45
1094 1401.95 3364.7
1095 1598.58 4127.52
1096 1444.41 3282.61
1097 1431.2 3363.13
1098 1363.54 3317.48
1099 1444.66 3569.64
1100 1542.12 3871.79
1101 1414.01 3438.48
1102 1542.85 4061.6
1103 1538.36 3875.15
1104 1586.61 4214.05
1105 1492 3877.97
1106 1426.1 3499.89
1107 1521.43 3904.42
1108 1389.23 3479.58
1109 1377.27 3523.11
1110 1418.86 3336.31
1111 1371.34 3390.03
1112 1404.37 3564.03
1113 1396.25 3438.38
1114 1572.38 4321.69
1115 1574.17 3743.26
1116 1536.24 4049.93
1117 1523.22 4169.89
1118 1434.62 3392.88
1119 1406.92 3541.1
1120 1468.69 3573.47
1121 1451.98 3495.3
1122 1484.57 4009.11
1123 1606.37 4205.78
1124 1656.66 4122.49
1125 1545.58 4119.68
1126 1627.86 3991.91
1127 2166.05 3518.55
1128 1428.61 3373.84
1129 1500.41 3452.2
1130 1708.05 4262.1
1131 1478.82 3440.91
1132 1359.63 3389.77
1133 1236.22 2584.87
1134 1768.04 4260.53
1135 1557.93 3729.31
1136 1429.42 3440.07
1137 1651.79 3924.99
1138 1253.76 2580.86
1139 1413.03 3626.91
1140 1644.63 4324.36
1141 1402.7 3556.73
1142 1387.86 3452.17
1143 1473.81 3996.13
1144 1440.67 3681.55
1145 1547.33 3987.2
1146 1502.26 4060.99
1147 1530.76 4164.78
1148 1446.05 3785.8
1149 1597.4 4238.62
1150 1465.76 3836.85
1151 1475.98 4063.14
1152 1474.52 3796.71
1153 1438.11 3596.36
1154 1536.56 3811.18
1155 1597.4 4079.53
1156 1421.17 3388.15
1157 1394.17 3419.81
1158 1460.09 3533.99
1159 1475.16 3993.18
1160 1385.83 3519.32
1161 1412.03 3539.43
1162 1596.38 4239.3
1163 1372 3398.85
1164 1462.2 3573.24
1165 1391.8 3450.61
1166 1384.29 3473.68
1167 1503.69 4114.79
1168 1484.42 4307.82
1169 1530.71 4211.87
1170 1472.22 3499.65
1171 1432.87 3495.02
1172 1507.11 4228.83
1173 1381.18 3585.44
1174 1504.42 3858.03
1175 1596.62 3494.9
1176 1383.56 3427.04
1177 1612.1 3483.73
1178 1580.42 3700.49
1179 1378.87 3520.94
1180 1471.95 3525.24
1181 1456.83 3737.58
1182 1387.89 3542.58
1183 1496.72 4318.73
1184 1424.99 3589.57
1185 1551.46 4366.88
1186 1419.09 3658.75
1187 1222.26 2678.16
1188 1523.93 4364.12
1189 1595.45 4072.21
1190 1564.81 4168.55
1191 1433.61 3519.81
1192 1511.66 4151.81
1193 1412.79 3590.94
1194 1432.65 3652.11
1195 1535.24 4207.08
1196 1602.69 4371.85
1197 1434.58 3795.75
1198 1454.04 3651.91
1199 1595.61 4279.73
1200 1513.27 4276.9
1201 1496.24 4186.96
1202 1649.11 4143.46
1203 1536.18 4401.39
1204 1575.19 4456.57
1205 1502.03 3565.66
1206 1592.35 4535.78
1207 1575.64 4447.92
1208 1415.19 3491.09
1209 1473.89 3701.54
1210 1419.5 3620.99
1211 1399.32 3529.27
1212 1566.54 3543.86
1213 1662.48 4205.67
1214 1570.37 4175.66
1215 1506.28 3768.1
1216 1450.27 3713.48
1217 1526.14 3671.05
1218 1545.96 4585.74
1219 1514.52 4301.66
1220 1412.9 3648.18
1221 1643.41 4921.24
1222 1435.56 3712.43
1223 1453.85 3626.4
1224 1403.48 3623.97
1225 1420.05 3662.72
1226 1540.02 4342.47
1227 1418.83 3702.75
1228 1523.61 4291.16
1229 1421.67 3691.08
1230 1245.17 2716.72
1231 1243.14 2811.24
1232 1402.83 3586.61
1233 1513.6 4258.86
1234 1504.12 3581.6
1235 1544.29 4339.58
1236 1493.22 4255.43
1237 1578.51 4200
1238 1421.16 3714.03
1239 1359.65 3359.8
1240 1430.59 3687.43
1241 1380.82 3654.24
1242 1381.56 3668.51
1243 1553.97 4433.7
1244 1271.78 2795.16
1245 1510.21 4076.9
1246 1419.23 3670.75
1247 1491.81 3680.4
1248 1439.85 3691.78
1249 1444.1 3632.56
1250 1391.44 3649.54
1251 1555.66 4531.43
1252 1587.64 4594.42
1253 1643.4 3763.87
1254 1472.21 3697.76
1255 1481.36 3904.13
1256 1473.15 4183.43
1257 1490.26 4264.22
1258 1521.68 4328.72
1259 1447.66 3720.29
1260 1444.48 3785.9
1261 1385.74 3646.81
1262 1572.61 4415.25
1263 1410.99 3681.97
1264 1587.91 4444.38
1265 1534.69 4322.19
1266 1428.49 3791.47
1267 1561.06 4440.39
1268 1494.37 4590.96
1269 1512.17 4322.73
1270 1532.74 4374.68
1271 1244.88 2808.65
1272 1487.47 4319.22
1273 1512.26 4283.04
1274 1451.49 4292.21
1275 1448.64 3753.86
1276 1413.02 3722.62
1277 1572.62 4103.19
1278 1432.84 3765.63
1279 1444.91 3788.76
1280 1545.69 4053.33
1281 1659.34 4670.41
1282 1393.18 3748.23
1283 1462.99 3855.77
1284 1433.07 3722.61
1285 1475.63 3805.02
1286 1518.02 3736.82
1287 1390.32 3676.34
1288 1475.84 3824.57
1289 1282.77 2910.51
1290 1510.28 4493.17
1291 1388.87 3908.62
1292 1436.68 3789.52
1293 1728.95 4417.99
1294 1452.96 3865.26
1295 1414.29 3679.82
1296 1473.65 4337.27
1297 1397.35 3764.08
1298 1526.34 4502.95
1299 1456.36 4000.27
1300 1264.92 2798.72
1301 1409.24 3850.08
1302 1539.56 4627.72
1303 1301.94 2800.98
1304 1581.05 4454.04
1305 1508.52 4354.03
1306 1399.86 3800.47
1307 1408.62 3820.81
1308 1470.78 4607.11
1309 1399.03 3780.76
1310 1544.52 3415.32
1311 1467.04 4315.96
1312 1563.07 3780.77
1313 1457.38 3837.06
1314 1420.02 3775.47
1315 1455.65 3750.1
1316 1263.39 2899.82
1317 1458.45 4010.91
1318 1400.77 3792.85
1319 1485.1 4497.17
1320 1471.12 4105.65
1321 1527.28 4118.27
1322 1402.84 3919.79
1323 1461.89 3888.88
1324 1408.69 3871.64
1325 1227.24 2848.74
1326 1457 3833.27
1327 1529.14 4592.97
1328 1734.86 4596.58
1329 1435.74 3822.56
1330 1468.38 4453.75
1331 1470.35 4469.11
1332 1498.5 4336.92
1333 1479.79 4536.6
1334 1668.94 4488.07
1335 1503.61 4537.77
1336 1524.9 4127.65
1337 1402.57 3838.12
1338 1538.19 4558.89
1339 1435.31 4036.11
1340 1485.47 4524.31
1341 1492.3 4048.39
1342 1310.76 2958.07
1343 1386.28 3810.66
1344 1259.09 2852.13
1345 1558.96 4543.11
1346 1482.8 4590
1347 1497.85 4492.7
1348 1534.21 3819.18
1349 1641.96 4596.34
1350 1290.89 2904.13
1351 1468 3880.62
1352 1402.67 3775.64
1353 1486.84 4103.49
1354 1431.6 3899.69
1355 1386.49 3813.37
1356 1477.4 3937.46
1357 1443.11 4008.29
1358 1478.45 3983.24
1359 1505.71 3888.22
1360 1658.47 4550.74
1361 1432.26 4013.17
1362 1397.04 4007.54
1363 1505.95 4547.08
1364 1359.61 2902.04
1365 1391.74 3863.25
1366 1402.09 3939.03
1367 1425.04 4008.25
1368 1443.68 4334.05
1369 1392.04 4138.33
1370 1475.64 4511.73
1371 1519.41 4522.83
1372 1413.53 3860.69
1373 1415.11 3855.46
1374 1572.39 4686.23
1375 1510.4 4366.32
1376 1514.68 4541.94
1377 1418.14 3835.29
1378 1289.61 2740.95
1379 1219.86 2809.75
1380 1395.98 3962.22
1381 1455.68 3959.79
1382 1381.85 3994.45
1383 1585.41 4551.38
1384 1242.43 2766.37
1385 1433.43 3906.85
1386 1543.4 4861.83
1387 1460.86 4132.85
1388 1437.88 4380.3
1389 1429.5 4067.83
1390 1434.69 4389.03
1391 1472.35 4148.74
1392 1404.35 4182.22
1393 1453.5 3977.3
1394 1478.68 4624.94
1395 1531.37 4077.06
1396 1416.02 3847.83
1397 1545.41 4816.93
1398 1452.78 4204.96
1399 1208.57 2624.81
1400 1410.74 3986.48
1401 1163.49 2515.87
1402 1572.92 4613.31
1403 1401.31 3877.95
1404 1184.15 2533.79
1405 1371.54 3962.71
1406 1396.39 4034.55
1407 1480.34 4109.68
1408 1500.57 4684
1409 1432.88 4193.97
1410 1539.21 3899.88
1411 1459.08 4421.7
1412 1508.51 4911.59
1413 1387.67 4080.32
1414 1440.51 4259.5
1415 1526.21 5095.53
1416 1494.63 4637.81
1417 1449.04 4262.81
1418 1594.31 4868.82
1419 1499.61 4128.09
1420 1589.8 4566.97
1421 1468.22 4012.38
1422 1557.16 4842.82
1423 1196.62 2411.9
1424 1176.45 2544.26
1425 1552.3 4848.47
1426 1983.34 4460.8
1427 1411.45 4131.03
1428 1439.7 4092.39
1429 1278.83 3425.02
1430 1427.85 4094.53
1431 1112.33 2314.84
1432 1528.43 4794.98
1433 1441.06 4048.81
1434 1513.55 4513.72
1435 1177.67 2376.14
1436 1519.69 4691.4
1437 1388.65 4057.1
1438 1478.44 4775.21
1439 1483.7 4716.85
1440 1435.23 4420.85
1441 1381.89 4439.4
1442 1487.39 4169.46
1443 1170.02 2384.87
1444 1414.84 4386.51
1445 1304.58 3165.43
1446 1387.9 4186.73
1447 1441.63 4448.97
1448 1414.26 4131.61
1449 1631.68 5261.73
1450 1438.11 4066.83
1451 1197.19 2318.16
1452 1455.78 4225.71
1453 1406.14 3966.22
1454 1443.56 4382.69
1455 1143.07 2202.17
1456 1407.27 4187.55
1457 1427.17 4054.23
1458 1518.52 4987.11
1459 1396.53 4121.95
1460 1525.76 4798.37
1461 1122.04 2231.06
1462 1392.83 4190.96
1463 1476.89 4675.18
1464 1575.16 4363.88
1465 1405.97 4049.74
1466 1164.58 2249.81
1467 1487.31 4650.87
1468 1398.17 4132.42
1469 1552.95 4128.55
1470 1410.44 4391.94
1471 1402.84 4033.04
1472 1125.44 2203.32
1473 1667.57 5488.1
1474 1459 4081.72
1475 1555.32 3994.66
1476 1387.53 4071.58
1477 1463.47 4579.36
1478 1442.41 4312.67
1479 1520.23 4199.58
1480 1384.92 4093.99
1481 1590.75 4922.02
1482 1132.22 2219.85
1483 1472.6 4700.26
1484 1440.78 4557.07
1485 1671.8 5013.73
1486 1402.9 4060.06
1487 1387.29 4117.44
1488 1188.82 2219.04
1489 1390.51 4057.56
1490 1388.49 3975.03
1491 1671.71 5164.07
1492 1237.39 2302.13
1493 1503.16 4127.61
1494 1284.11 2836.41
1495 1083.43 2226.57
1496 1381.49 3642.17
1497 1496.07 4342.9
1498 1517.17 4732.08
1499 1415.25 4069.15
1500 1492.49 4789.52
1501 1152.74 2212.98
1502 1506.21 4826.32
1503 1416.34 4097.04
1504 1408.72 4240.9
1505 1382.1 4284.23
1506 1430.84 4218.91
1507 1521.05 4869.3
1508 1198.13 2296.09
1509 1547.57 5006.05
1510 1480.28 4995.87
1511 1486.69 4212.64
1512 1410.62 4185.33
1513 1445.3 4228.8
1514 1404.9 4095.48
1515 1459.74 4735.2
1516 1503.38 4720.21
1517 1528.81 4426.56
1518 1495.27 4327.61
1519 1156.47 2342.51
1520 1501.23 4926.43
1521 1402.68 4129.95
1522 1404.46 4186.62
1523 1510.75 4018.81
1524 1540.46 4125.39
1525 1384.57 4199.3
1526 1416.28 4063.99
1527 1442.33 4202.95
1528 1631.29 5000.74
1529 1538.51 4331.75
1530 1514.34 4007.56
1531 1390.53 4151.34
1532 1419.89 4282.72
1533 1432.44 4240.79
1534 1426.78 4603.53
1535 1407.61 4456.46
1536 1420.92 4092.91
1537 1398.32 4150.5
1538 1162.12 2262.11
1539 1435.35 4238.76
1540 1438.53 4213.48
1541 1409.69 4085.15
1542 1372.45 4306.59
1543 1156.91 2276
1544 1385.92 4177.06
1545 1395.69 4297.09
1546 1573.4 5433.4
1547 1475.75 4893.46
1548 1508.56 4168.76
1549 1339.04 3806.17
1550 1496 4306.98
1551 1501.54 5013.83
1552 1463.57 4487.81
1553 1697.24 5148.41
1554 1133.05 2242.23
1555 1496.67 4898.9
1556 1432.01 3854.58
1557 1404.31 4372.62
1558 1440.47 4413.07
1559 1410.72 4221.81
1560 1181.31 2374.44
1561 1395.3 4164.44
1562 1477.9 4438.99
1563 1156.48 2290.91
1564 1396.15 4228.27
1565 1406.8 4402.06
1566 1460.22 4218.21
1567 1405.23 4476.75
1568 1132.38 2282.22
1569 1505.87 4899.72
1570 1509.29 5032.75
1571 1404.13 4310.05
1572 1117.7 2257.39
1573 1541.03 5406.87
1574 1384.79 4275.66
1575 1168.07 2281.02
1576 1449.76 4324.72
1577 1477.74 4700.35
1578 1457.9 4692.52
1579 1588 4382.96
1580 1521.15 5082.39
1581 1486.9 4200.93
1582 1397.13 4082.36
1583 1486.11 4876.44
1584 1419.47 4125.2
1585 1407.16 4468.36
1586 1426.02 4604.78
1587 1127.37 2357.56
1588 1442.55 4607.8
1589 1540.1 4320.7
1590 1541.67 5126.09
1591 1423.31 4363.29
1592 1229.52 2362.72
1593 1149.69 2208.47
1594 1548.72 5456.69
1595 1521.72 4476.22
1596 1642.68 5299.67
1597 1510.91 5161.09
1598 1475.86 5183.01
1599 1436.29 4911.64
1600 1405.78 4404.71
1601 1430.04 4478.98
1602 1386.21 4273.82
1603 1412.77 4284.3
1604 1165.02 2631.46
1605 1485.35 5007.51
1606 1463.53 4352.95
1607 1488.2 5230.19
1608 1402.88 4470.48
1609 1421.7 4357.77
1610 1416.91 4504.9
1611 1472.01 4558
1612 1389.6 4304.68
1613 1739.18 4520.76
1614 1226.11 2739.75
1615 1485.64 5164.39
1616 1532.23 4386.79
1617 1395.2 4097.34
1618 1243.01 2399.81
1619 1442.37 4334.1
1620 1537.14 4713.42
1621 1551.64 5207.78
1622 1495.1 4747.78
1623 1556.01 5502.35
1624 1389.33 4290.75
1625 1544.13 4898.43
1626 1393.63 4397.53
1627 1445.79 4902.64
1628 1540.83 5371
1629 1500.73 5095.19
1630 1432.59 4552.78
1631 1478.92 4954.28
1632 1458.11 4739.75
1633 1637.67 4996.52
1634 1638.66 5114.2
1635 1401.38 4324.01
1636 1412.59 4334.8
1637 1382.84 4416.9
1638 1156.46 2396.51
1639 1445.16 4994.26
1640 1405.73 4676.42
1641 1509.97 4325.64
1642 1433.68 4697.83
1643 1387.26 4349.56
1644 1563.31 4501.7
1645 1586.78 4887.94
1646 1360.88 4221.36
1647 1472.21 4988.64
1648 1145.93 2356.64
1649 1618.98 5105.93
1650 1454.76 4700.81
1651 1466.43 4939.2
1652 1458.23 4645.89
1653 1477.81 4916.82
1654 1483.98 5114.66
1655 1415.65 4620.59
1656 1484.59 5163.77
1657 1383.07 4012.38
1658 1524.03 5029.56
1659 1447.96 5175.06
1660 1411.39 4531.3
1661 1333.58 3945.12
1662 1491.94 5304.92
1663 1447.15 4565.23
1664 1573.44 5538.89
1665 1434.99 4837.11
1666 1385.23 4440.48
1667 1378.19 4362.15
1668 1131.16 2399.58
1669 1416.96 4347.87
1670 1451.57 4388.38
1671 1419.11 4344.18
1672 1455.7 4581.72
1673 1424.48 4646.54
1674 1171.5 2337.18
1675 1527.67 5187.36
1676 1168.39 2410.09
1677 1431.33 4660.43
1678 1503.68 5147.97
1679 1528.79 5467.13
1680 1383.06 4363.04
1681 1202.48 2433.57
1682 1456.19 5134.36
1683 1577.32 4694.53
1684 1477.65 5311.21
1685 1490.64 5309.73
1686 1439.99 4575.93
1687 1444.78 5026.62
1688 1469.08 5154.52
1689 1463.46 4613.37
1690 1386.65 4458.17
1691 1405.39 4437.27
1692 1546.49 5183.52
1693 1500.76 4455.92
1694 1141.59 2492.61
1695 1391.28 4391.7
1696 1398.31 4592.22
1697 1533.7 5272.07
1698 1502.29 5029.2
1699 1396.47 4447.28
1700 1449.27 4556.43
1701 1502.9 5345.61
1702 1429.13 4998.65
1703 1494.16 4762.97
1704 1581.62 5673.17
1705 1426.73 4519.64
1706 1442.48 4593.1
1707 1210.62 2538.26
1708 1773.06 5846.47
1709 1162.4 2439.95
1710 1391.81 4268.84
1711 1419.81 4539.1
1712 1503.49 5216.2
1713 1442.69 4592.29
1714 1528.74 5214.69
1715 1494.06 5336.68
1716 1578.43 5957.17
1717 1505.77 5344.47
1718 1594.67 5677.76
1719 1334.9 4445.09
1720 1389.52 4639.69
1721 1474.36 5110.45
1722 1438.74 4861.19
1723 1484.35 5190.21
1724 1485.5 4933.96
1725 1489.36 5129.83
1726 1631.93 5011.87
1727 1735.98 5534.47
1728 1430.09 4550.45
1729 1391.7 4705.29
1730 1453.95 4539.03
1731 1423.86 4653.09
1732 1381.82 4613.72
1733 1535.29 5091.21
1734 1497.71 5184.85
1735 1396.66 4658.15
1736 1447.93 4690.97
1737 1474.45 5372.7
1738 1463.38 5299.65
1739 1491.9 5307.54
1740 1488.91 4740.74
1741 1505.08 5334.18
1742 1199.38 2455.45
1743 1482.03 5205.71
1744 1568.58 5681.78
1745 1561.5 5334.76
1746 1499.45 5327.81
1747 1542.87 5734.33
1748 1550.52 5463.15
1749 1383.79 4712.89
1750 1526.07 4918.48
1751 1393.06 4527.37
1752 1514.57 5426.34
1753 1532.8 5579
1754 1396.55 4505.77
1755 1201.24 2974.25
1756 1149.26 2403.73
1757 1540.02 5040.47
1758 1402.73 4686.48
1759 1529.29 5597.58
1760 1481.26 4686.41
1761 1517.27 4425.8
1762 1482.71 5439.79
1763 1581.74 5549.4
1764 1503.55 5540.75
1765 1399.9 4533.08
1766 1403.6 4546.28
1767 1188.53 2500.02
1768 1498.68 5532.38
1769 1161.4 2423.42
1770 1430.47 4905.64
1771 1383.42 4713.79
1772 1531.18 5275.57
1773 1392.62 4624.79
1774 1509.01 5496.66
1775 1544.98 5608.23
1776 1402.1 4626.91
1777 1238.23 3291.9
1778 1444.64 5034.77
1779 1649.77 5658.87
1780 1379.94 4715.81
1781 1559.26 5635.44
1782 1443.83 4809.35
1783 1559.93 5764.55
1784 1532.28 5761.04
1785 1578.47 5530.93
1786 1728.52 5428.25
1787 1401.6 4687.66
1788 1505.49 5047.59
1789 1416.05 4954.54
1790 1472.45 5167.87
1791 1498.01 5371.32
1792 1168.55 2441.05
1793 1390.32 4770.85
1794 1169.87 2465.18
1795 1366.3 4784.12
1796 1441.78 4874.98
1797 1489.63 5592.81
1798 1470.87 5475.01
1799 1509.09 5772.91
1800 1401.17 4628.37
1801 1291.55 3954.99
1802 1452.7 4897.73
1803 1419.47 4819.66
1804 1350.11 3472.85
1805 1137.43 2426.28
1806 1479.72 5046.56
1807 1497.26 5574.38
1808 1560.32 4808.84
1809 1414.23 4984.76
1810 1407.59 4720.91
1811 1520.76 5331.57
1812 1196.75 2523.7
1813 1521.19 5613.98
1814 1500.05 5648.47
1815 1504.18 5005.46
1816 1475.01 5629.82
1817 1471.86 5400.2
1818 1416.7 4877.91
1819 1398.62 4679.23
1820 1300.04 4140.14
1821 1148.35 2515.81
1822 1424.36 4936.23
1823 1384.45 4643.92
1824 1470 5486.11
1825 1265.19 3895.98
1826 1298.09 3899.76
1827 1388.89 4759.8
1828 1491.5 5578.05
1829 1586.15 5899.08
1830 1618.78 6203.8
1831 1523.65 5352.14
1832 1709.2 5366.11
1833 1520.09 4569.19
1834 1491.07 4620.9
1835 1142.27 2484.6
1836 1399.2 4892.19
1837 1137.98 2500.25
1838 1591 5518.02
1839 1463.5 4809.67
1840 1484.01 5510.98
1841 1567.07 5788.32
1842 1514.31 5497.55
1843 1533.18 5679.05
1844 1424.76 4927.07
1845 1372.42 4628.78
1846 1490.06 5764.23
1847 1443.99 5129.42
1848 1443.04 5365.33
1849 1460.85 5306.34
1850 1621.66 5847.85
1851 1451.06 5272.13
1852 1434.49 4990.3
1853 1425.54 4879.79
1854 1442.46 4926.06
1855 1220.46 3028.63
1856 1509.46 5821.41
1857 1412.16 4708.07
1858 1397.63 4816.91
1859 1439.44 5038.84
1860 1601.78 5360.18
1861 1520.12 4801.12
1862 1391.96 4693.33
1863 1565.12 5808.71
1864 1462.1 4602.87
1865 1406.7 5018.51
1866 1376.1 4683.33
1867 1409.3 4820.49
1868 1376.71 4793.49
1869 1511.55 5772.87
1870 1404.66 4833.64
1871 1156.15 2565.01
1872 1326.2 4451.69
1873 1454.12 4799.08
1874 1418.28 4705.53
1875 1174.8 2566.18
1876 1549.24 5149.28
1877 1457.36 4870.41
1878 1425.83 5051.27
1879 1430.93 5389.79
1880 1384.5 4542.53
1881 1423.45 4881.91
1882 1399.05 4906.59
1883 1468.99 3058.65
1884 1419.98 5017.87
1885 1372.01 4389.54
1886 1425.77 5098.13
1887 1405.46 4941.99
1888 1384.49 4842.44
1889 1256.81 3937.75
1890 1316.6 3954.15
1891 1398.85 4812.34
1892 1414.15 5094.33
1893 1471.58 5585.13
1894 1389.97 4855.77
1895 1491.93 5762.09
1896 1471.48 5472.2
1897 1530.91 5535.45
1898 1395.45 4930.59
1899 1385 4935.94
1900 1502.88 5819.35
1901 1455.26 5108.99
1902 1381.45 4632.13
1903 1148.98 2524.27
1904 1387.77 4803.55
1905 1513.95 6084.81
1906 1483.12 5769.84
1907 1485.71 5869.99
1908 1470.2 5578.13
1909 1469.81 5868.87
1910 1427.77 5065.29
1911 1754.07 6721.59
1912 1405.79 4914.74
1913 1631.82 6073.86
1914 1456.65 5436.42
1915 1533.78 5881.65
1916 1459.17 5301.24
1917 1374.33 4869.8
1918 1492.41 5873.92
1919 1535.8 5348.79
1920 1497.11 5888.59
1921 1470.56 5351.66
1922 1494.49 5673.68
1923 1466.63 5321.57
1924 1459.67 5605.99
1925 1502.96 5026.19
1926 1403.62 4916.92
1927 1425.33 5108.92
1928 1396.05 4962.51
1929 1534.53 5882.2
1930 1408.53 4546.26
1931 1511.63 5648.61
1932 1156.23 2560.65
1933 1477.68 4956.89
1934 1174.69 2608.8
1935 1367.93 4470.13
1936 1396.67 4981.63
1937 1393.44 4725.37
1938 1419.38 4981.54
1939 1508.06 5911.42
1940 1451.28 5374.77
1941 1384.51 5174.56
1942 1350.76 4625.71
1943 1512.73 6002.92
1944 1417.69 4909.99
1945 1458.7 5204.86
1946 1602.15 5934.01
1947 1449.7 5348.46
1948 1545.78 5527.82
1949 1171.55 3161.3
1950 1412.19 4842.23
1951 1425.55 5194.46
1952 1475.27 5119.2
1953 1500.49 5571.24
1954 1548.18 5956.97
1955 1444.76 5367.76
1956 1610.96 6347.85
1957 1486.71 5977.3
1958 1277.84 4063.15
1959 1420.35 5260
1960 1398.88 4973.26
1961 1427.45 5099.43
1962 1487.29 5680.66
1963 1577.85 6041.81
1964 1380.33 4894.69
1965 1400.09 5051.47
1966 1384.41 5004.33
1967 1425.25 5188.39
1968 1540.67 6396.33
1969 1378.12 5045.16
1970 1382.89 4992.71
1971 1455 5006.3
1972 1485.2 5430.04
1973 1496.33 5342.36
1974 1436.64 5176.32
1975 1502.51 5909.94
1976 1440.94 5116.32
1977 1457.12 5319.57
1978 1432.22 4953.44
1979 1527.19 5983.23
1980 1442.88 5715.64
1981 1216.4 3569.7
1982 1522.56 4786.63
1983 1505.28 5964.61
1984 1502.84 5981.84
1985 1385.92 5118.47
1986 1445.88 5567.87
1987 1477.41 5849.93
1988 1523.08 6025.45
1989 1483.14 5948.33
1990 1423.99 4874.46
1991 1522.9 5529.54
1992 1407.56 5136.35
1993 1357.23 4456.12
1994 1384.43 4974.07
1995 1400.85 5063.94
1996 1386.5 4964.09
1997 1493.09 5959.71
1998 1453.12 5499.8
1999 1421.72 5150.55
2000 1425.53 5226.23
2001 1534.12 5976.32
2002 1462.53 5656.99
2003 1547.31 6303.66
2004 1461.92 5774.85
2005 1470.89 6039.92
2006 1400.6 4996.15
2007 1523.95 6068.56
2008 1485.76 5540
2009 1420.66 5385.11
2010 1436.54 5399.54
2011 1386.95 5032.66
2012 1430.98 5117.91
2013 1494.29 5114.8
2014 1348.69 4737.63
2015 1332.27 4380.82
2016 1395.77 5185.07
2017 1423.98 5377.21
2018 1437.1 5158.46
2019 1138.94 3164.92
2020 1492.3 5603.33
2021 1386.3 5010.18
2022 1159.52 2625.84
2023 1385.89 5100.78
2024 1466.04 5506.97
2025 1529.13 6068.03
2026 1430.9 5577.77
2027 1458.22 5605.09
2028 1322.41 4347.12
2029 1495.38 5823.94
2030 1435.82 4998.19
2031 1406.89 5110.73
2032 1568.63 5732.6
2033 1539.67 6027.62
2034 1392.61 4982.49
2035 1428.39 5420.08
2036 1469.18 5240.81
2037 1440.23 5013.44
2038 1383.88 4898.62
2039 1383.71 5066.27
2040 1216.07 3678.03
2041 1440.7 5298.42
2042 1437.65 5576.59
2043 1539.4 6178.15
2044 1424.52 4949.04
2045 1411 5100.23
2046 1411.09 5089.78
2047 1406.42 5340.16
2048 1430.65 5464.26
2049 1486.62 6302.8
2050 1538.91 5585.1
2051 1465.34 5766.22
2052 1480.46 5351.9
2053 1401.83 5221.62
2054 1499.12 6060.63
2055 1379.24 5193.47
2056 1500.48 6293.17
2057 1437.4 5390.09
2058 1419.08 5081.61
2059 1423.41 5352.43
2060 1427.68 5112.43
2061 1632.41 6605.31
2062 1444.56 5516.04
2063 1491.47 4945.92
2064 1169.14 2952.17
2065 1500.04 5936.32
2066 1622.39 6436.91
2067 1468.79 5260.71
2068 1417.89 5246.28
2069 1400.82 5258.47
2070 1397.6 5320.99
2071 1480.3 5762.86
2072 1494.95 5748.34
2073 1343.12 4687.69
2074 1300.06 4513.26
2075 1450.27 5962.63
2076 1504.96 6278.91
2077 1435.58 5070.25
2078 1489.51 6009.36
2079 1681.57 6109.99
2080 1522.48 6344.14
2081 1540.86 6261.84
2082 1141.07 2598.05
2083 1275.49 3462.86
2084 1491.05 6038.66
2085 1442.06 5121.77
2086 1390.69 5224.98
2087 1477.59 5736.84
2088 1566.41 5203.79
2089 1530.63 6087.81
2090 1361.03 4942.86
2091 1391.48 5218.8
2092 1508.18 5750.41
2093 1527.43 5904.66
2094 1414.53 5483.97
2095 1383.16 5299.26
2096 1500.13 5785.9
2097 1494.55 6192.26
2098 1440.17 5532.21
2099 1500.7 6098.27
2100 1501.82 6518.46
2101 1515.07 5516.28
2102 1464.72 4460.95
2103 1500.42 5832.35
2104 1404.11 5113.01
2105 1515.74 5961.69
2106 1481.62 5653.3
2107 1536.02 6244.84
2108 1562.66 6166.34
2109 1519.91 5685.18
2110 1442.02 5322.16
2111 1425.35 5415.27
2112 1548.63 6114.24
2113 1492.86 5674.69
2114 1503.04 6178.83
2115 1510.32 5502.02
2116 1479.36 6261.45
2117 1406.64 5576.11
2118 1467.24 5754.42
2119 1399.63 5422.94
2120 1453.75 5341.14
2121 1411.12 5186.21
2122 1347.51 4980.94
2123 1490.85 4714.88
2124 1334.28 4270.96
2125 1402 5371.89
2126 1121.11 2677.04
2127 1385.5 5037.65
2128 1142.64 2708.85
2129 1418.99 5208.78
2130 1389.86 4865.42
2131 1473.44 5512.59
2132 1436.33 5360.6
2133 1410.03 5386.08
2134 1447.4 5710.35
2135 1510.65 6360.22
2136 1507.96 6123.86
2137 1133.99 2649.34
2138 1387.91 5217.23
2139 1520.34 6388.81
2140 1366.19 5431.55
2141 1540.71 6394.25
2142 1497.54 6024.56
2143 1444.06 5848.07
2144 1490.96 5497.26
2145 1444.87 5327.39
2146 1426.72 5314.96
2147 1472.38 5768.78
2148 1412.39 4549.49
2149 1471.81 5958.72
2150 1388.41 4859.42
2151 1128.49 2658.51
2152 1417.69 5511.64
2153 1539.67 6397.11
2154 1381.58 5135.74
2155 1476.58 6241.8
2156 1514.65 6241.45
2157 1395.6 5205.4
2158 1483.25 6132.96
2159 1419.97 5714.87
2160 1432.54 5309.4
2161 1399.05 5356.07
2162 1370.84 4862.76
2163 1439.92 5823.59
2164 1375.27 4978.08
2165 1472.72 5594.48
2166 1426.85 5717.48
2167 1483.18 5645.41
2168 1386.83 5318.67
2169 1487.54 6336.38
2170 1506.86 6010.03
2171 1440.59 5947.43
2172 1472.61 6094.23
2173 1402.14 5167.72
2174 1464.47 6007.55
2175 1360.65 5195.46
2176 1415.75 5485.13
2177 1517.79 6594.25
2178 1399.65 5287.79
2179 1458.36 5697.97
2180 1503.54 5872.63
2181 1394.08 5062.88
2182 1456.44 5911.33
2183 1445.02 5829.55
2184 1422.48 5613.46
2185 1399.49 5382.28
2186 1409.98 5200.37
2187 1460.18 5779.74
2188 1391.38 5147.89
2189 1344.15 5010.73
2190 1520.7 5842.33
2191 1394.16 4923.27
2192 1367.61 5280.71
2193 1379.42 5248.63
2194 1413.8 5412.43
2195 1547.95 5922.6
2196 1400.06 5318.76
2197 1389.25 5440.22
2198 1533.15 6587.41
2199 1427.95 5279.72
2200 1468.37 6210.53
2201 1126.22 2718.94
2202 1390.22 5436.33
2203 1607.41 6668.2
2204 1410.55 5606.49
2205 1495.58 6258.97
2206 1360.62 4784.78
2207 1291.4 4199.78
2208 1440.46 5923.99
2209 1345.32 4872.69
2210 1472.06 6126.15
2211 1400.76 5462.35
2212 1507.78 6450.12
2213 1404.39 5345.63
2214 1486.69 6280.27
2215 1578.76 6260.69
2216 1441.2 5738.6
2217 1490.66 6327.6
2218 1427.42 5532.18
2219 1418.92 5838.06
2220 1485.42 6313.96
2221 1415.06 5471.1
2222 1445.8 5792.83
2223 1423.84 4812.62
2224 1503.45 6042.78
2225 1496.08 6166.12
2226 1395.8 5482.14
2227 1402.47 5517.88
2228 1432.96 5595.17
2229 1398.19 5570.03
2230 1486.83 6257.5
2231 1483.03 5200.55
2232 1407.44 5398.62
2233 1560.4 6587.96
2234 1149.08 2805.08
2235 1392.13 5548.55
2236 1130.81 2778.09
2237 1497.33 5622.99
2238 1321.63 4705.65
2239 1359.43 5275.45
2240 1487.6 6054.49
2241 1572.2 6466.63
2242 1537.31 5617.51
2243 1381.72 5271.57
2244 1426.78 5633.93
2245 1466.83 5839.18
2246 1442.51 5934.22
2247 1298.46 4634.96
2248 1367.92 5075.36
2249 1462.87 5812.75
2250 1485.1 5723.67
2251 1291.22 4406.73
2252 1458.36 5947.29
2253 1467.88 6286.58
2254 1482.15 6363.58
2255 1425.33 5426.76
2256 1125.08 2722.59
2257 1430.68 5754.46
2258 1428.68 6085.94
2259 1439.3 6199.14
2260 1429.6 5736.22
2261 1423.4 5599.79
2262 1477.44 6197.45
2263 1522.63 6520.05
2264 1424.79 5699.51
2265 1419.56 5096.93
2266 1402.09 5706.57
2267 1338.67 5003.51
2268 1435.77 5612.41
2269 1491.58 6164.55
2270 1461.62 5834.91
2271 1483.98 6224.93
2272 1487.17 6386.29
2273 1524.12 6695.34
2274 1416.68 5074.45
2275 1407.45 5487.78
2276 1403.22 4830.76
2277 1425.71 5584.65
2278 1393.5 5405.35
2279 1483.55 6020.42
2280 1463.66 5705.89
2281 1468.36 6162.18
2282 1424.12 5922.89
2283 1455.32 6035.27
2284 1397.78 5566.39
2285 1446.68 6030.22
2286 1408.27 5448.27
2287 1515.18 6418.51
2288 1352.58 5120.18
2289 1138.75 2739.28
2290 1474.89 5616.58
2291 1152.91 2762.99
2292 1404.57 5036.59
2293 1411.73 5663.73
2294 1509.61 6484.45
2295 1333.7 4909.31
2296 1281.53 4276.44
2297 1355.89 5207.85
2298 1312.63 4578.11
2299 1409.62 5774.37
2300 1336.04 4756.51
2301 1465.56 6113.92
2302 1496.64 6374.98
2303 1336.84 4884.01
2304 1461.79 6032.26
2305 1312.5 4646.19
2306 1233.33 3600.29
2307 1449.47 5959.52
2308 1107.75 2879.01
2309 1399.3 5510.69
2310 1558.86 5922.95
2311 1451.33 5799.2
2312 1322.2 4925.72
2313 1530.33 6148.36
2314 1450.25 6355.46
2315 1390.66 5528.1
2316 1376.78 5438
2317 1388.58 5595.09
2318 1495.8 5072.91
2319 1400.57 5451.83
2320 1457.37 5723.8
2321 1365.75 5241.26
2322 1493.15 6525.16
2323 1449.26 5706.9
2324 1425.13 5727.01
2325 1461.3 6190.44
2326 1440.99 5769.14
2327 1503.32 6257.76
2328 1358 5009.69
2329 1400.21 5788.18
2330 1457.91 6310.62
2331 1380.72 5604.02
2332 1461.85 5464.83
2333 1440.79 5870.92
2334 1380.09 5168.6
2335 1397.22 5695.33
2336 1399.86 5783.26
2337 1439.2 5849.84
2338 1460.01 6344.51
2339 1358.99 5138.8
2340 1424.19 5907.48
2341 1487.01 6502.37
2342 1472.37 6210.73
2343 1542.95 6234.12
2344 1439.63 6032.8
2345 1336.08 4744.5
2346 1395.49 5683.15
2347 1436.34 5555.64
2348 1543.53 5950.89
2349 1413.14 5602.4
2350 1486.28 6203.55
2351 1523.73 6393.18
2352 1410.62 5588.51
2353 1310.77 5011.74
2354 1388.88 5697.54
2355 1610.09 6635.13
2356 1363.59 5046.32
2357 1438.77 5345.71
2358 1401.96 5814.31
2359 1543.53 6842.6
2360 1335.33 5167.37
2361 1435.27 6186.48
2362 1469.63 5855.06
2363 1451.68 5756.96
2364 1462.34 6319.77
2365 1365.08 5006.14
2366 1402.13 5770.67
2367 1450.56 6187.93
2368 1321.11 4841.26
2369 1407.45 5707.61
2370 1112.9 2961.23
2371 1403.86 6052.65
2372 1387.92 5789.89
2373 1349.8 5277.81
2374 1521.6 5984.27
2375 1454.71 5837.7
2376 1482.72 6364.13
2377 1511.35 6288.14
2378 1116.22 2819.46
2379 1405.23 5555.55
2380 1317.52 4640.42
2381 1385.3 5435.93
2382 1554.9 6379.96
2383 1534.34 6587.78
2384 1433.52 6152.1
2385 1528.08 6237.97
2386 1331.35 4589.59
2387 1449.88 6179.76
2388 1405 5782.11
2389 1467.34 6241.2
2390 1464.46 6314.8
2391 1321.01 4807.28
2392 1479.61 5784.17
2393 1436.44 5625.63
2394 1475.87 6190.07
2395 1414.13 4804.76
2396 1428.58 5714.46
2397 1404.09 5852.04
2398 1540.43 6673.46
2399 1405.47 5818.69
2400 1586.19 7171.92
2401 1517.38 6362.73
2402 1473.81 6355.56
2403 1313.67 5142.71
2404 1339.19 5163.88
2405 1401.06 5892.12
2406 1434.06 6343.16
2407 1413.56 5938.49
2408 1462 6394.69
2409 1459.18 6179.52
2410 1481.04 6431.64
2411 1440.16 5898.97
2412 1501.19 6453.32
2413 1341.96 5129.67
2414 1402.04 5651.06
2415 1452.54 6096.56
2416 1428.09 5869.25
2417 1406.76 5706.73
2418 1346.63 5517.86
2419 1442.66 5991.27
2420 1401.36 5687.85
2421 1414.56 5959.9
2422 1450.99 6272.27
2423 1468.77 6322.17
2424 1438.72 6279.47
2425 1467.78 6357.55
2426 1313.14 4932.06
2427 1409.22 5318.15
2428 1482.27 6259.02
2429 1415.39 5980.91
2430 1323.63 4854.23
2431 1474.73 5632.57
2432 1416.78 6032.86
2433 1545.99 6515.64
2434 1459.47 5955.67
2435 1454.63 5942.69
2436 1428.56 5892.64
2437 1528.45 6390.92
2438 1471.51 6522.41
2439 1454.65 6567.81
2440 1408.87 6009.8
2441 1456.29 6135.77
2442 1281.33 4567
2443 1396.66 5597.61
2444 1409.97 5974.15
2445 1467.22 6171.76
2446 1506.11 5822.78
2447 1446.41 6099.72
2448 1431.26 6079.29
2449 1475.78 6358.04
2450 1351.46 4473.46
2451 1343.55 5189.27
2452 1409.45 5849.76
2453 1442.86 6268.95
2454 1134.53 2986.29
2455 1424.98 6062.78
2456 1340.14 5334.96
2457 1400.4 5580.17
2458 1402.23 5993.34
2459 1391.28 5690.93
2460 1501.28 6636.39
2461 1500.99 6216.6
2462 1257.21 4325.74
2463 1434.63 6329.41
2464 1397.97 5345.84
2465 1460.94 5969.87
2466 1132.02 3312.29
2467 1495.96 6127.46
2468 1306.52 4715.86
2469 1439.12 5590.01
2470 1409.52 5767.17
2471 1408.08 6107.06
2472 1254.93 4542.48
2473 1314.83 4791.31
2474 1404.56 6025.4
2475 1434.45 5956.4
2476 1335.79 4758.53
2477 1156.38 2955.27
2478 1463.66 6157.61
2479 1402.94 5941.58
2480 1419.58 6296.77
2481 1378.78 5808.71
2482 1332.06 4994.42
2483 1431.26 5832.76
2484 1460.64 6186.22
2485 1407.74 5708.5
2486 1456.57 6406.5
2487 1383.89 5631.37
2488 1434.98 6095.63
2489 1485.94 6215.74
2490 1448.95 6007.45
2491 1385.46 4432.22
2492 1417.3 5746.35
2493 1420.16 5889.1
2494 1426.32 6023.6
2495 1431.84 6268.92
2496 1416.94 5815.16
2497 1398.2 5915.19
2498 1389.88 5645.02
2499 1460.31 6062.25
2500 1313.85 4906.21
2501 1421.24 5795.25
2502 1534.7 6702.23
2503 1393.05 5896.26
2504 1386.43 5803.53
2505 1415.79 5943.45
2506 1452.57 6021.86
2507 1451.02 5993.01
2508 1462.42 6113.62
2509 1463.79 5660.98
2510 1296.72 4844.51
2511 1320.15 5289.13
2512 1414.09 5737.12
2513 1444.35 6072.31
2514 1415.82 6065.26
2515 1463.69 6673.23
2516 1455.72 5623.39
2517 1450.61 6093.84
2518 1478.15 6273.26
2519 1478 5720.84
2520 1202.2 4113.35
2521 1432.75 5666.28
2522 1167 3431.75
2523 1478.78 5620.92
2524 1406.91 6182.57
2525 1461.11 6428.05
2526 1232.88 4327.93
2527 1334.74 5286.22
2528 1418.65 6099.48
2529 1453.37 5393.8
2530 1432.02 5718.49
2531 1428.55 6157.73
2532 1402.87 6101.12
2533 1395.82 5464.26
2534 1495.24 5684.78
2535 1454.36 6496.67
2536 1416.63 6320.97
2537 1529.57 6905
2538 1305.14 4624.5
2539 1391.47 5828.01
2540 1402.2 5765.9
2541 1169.97 2956.28
2542 1375.35 4942.89
2543 1463.53 6030.55
2544 1401.4 6013.64
2545 1379.65 5459.84
2546 1381.19 6294.46
2547 1390.55 5980.52
2548 1423.57 6201.55
2549 1368.81 5644.81
2550 1426.98 6456.32
2551 1357.87 5468.84
2552 1526.66 6803.87
2553 1538.7 6853.86
2554 1402.89 5792.71
2555 1479.56 6364.14
2556 1468.71 6124.77
2557 1413.67 6219.7
2558 1261.44 3495.47
2559 1408.41 5904.36
2560 1302.74 4837.68
2561 1331.64 5297.09
2562 1386.78 6107.07
2563 1487.27 6218.48
2564 1349.78 5488.47
2565 1393.34 6149.34
2566 1395.48 5946.09
2567 1403.88 6179.27
2568 1436.34 6086
2569 1376.22 5277.09
2570 1378.06 4554.64
2571 1345.9 5102.45
2572 1405.39 6081.11
2573 1429.88 6397.1
2574 1396.72 5460.16
2575 1486.81 6166.15
2576 1289.83 4449.85
2577 1335.28 5323.58
2578 1404.57 5833.06
2579 1381.66 6094.93
2580 1372.81 5860.72
2581 1421.92 5877.63
2582 1507.71 6001.63
2583 1100.17 3054.35
2584 1290.15 4988.62
2585 1441.41 6435.62
2586 1426.68 6064.98
2587 1405.34 6129.76
2588 1269.81 4412.16
2589 1116.4 3211.19
2590 1346.25 5211.96
2591 1381.6 5851.8
2592 1409.1 6348.83
2593 1404.55 5948.89
2594 1405.1 5839.81
2595 1423.43 6248.48
2596 1363.34 5453.88
2597 1283.96 4342.53
2598 1462.87 6479.76
2599 1471.12 5846.15
2600 1269.26 4650.6
2601 1428.55 6465.54
2602 1449.87 6628.5
2603 1464.75 6003.5
2604 1406.28 5908.39
2605 1274.18 4830.78
2606 1305.9 4917.71
2607 1392.21 6091.79
2608 1329.03 5507.59
2609 1451.96 6125.19
2610 1448.93 6368.75
2611 1430.92 6611.44
2612 1440.6 6657.44
2613 1356.17 5624.13
2614 1342.97 5642.51
2615 1232.53 4253.99
2616 1297.3 5410.63
2617 1449.99 6640.61
2618 1439.16 6389.49
2619 1402.26 6125.11
2620 1297.77 4571.25
2621 1335.59 5345.78
2622 1482.69 6257.84
2623 1414.63 6399.57
2624 1410.22 6513.95
2625 1452.25 6375.48
2626 1352.87 5585.86
2627 1644.18 6032.67
2628 1378.7 5705.73
2629 1442.77 6725.26
2630 1500.83 6676.17
2631 1450.6 6745.01
2632 1403.19 6137.11
2633 1442.93 6548.4
2634 1359.68 5677.8
2635 1360.56 5817.74
2636 1329.42 4927.42
2637 1585.17 7622.41
2638 1416.26 6066.08
2639 1393.83 5274.97
2640 1432.19 5513.34
2641 1429.24 6087.57
2642 1397.86 6166.25
2643 1285.61 5022.66
2644 1184.41 3062.67
2645 1385.83 6417.23
2646 1092.13 3131.13
2647 1449.38 6784.13
2648 1359.88 5448.16
2649 1353.8 5502.03
2650 1366.31 5599.65
2651 1382.46 5982.4
2652 1355.52 5707.51
2653 1101.98 3084.75
2654 1394 6211.07
2655 1481.26 6756.73
2656 1391.01 5124.96
2657 1342.73 5546.18
2658 1417.92 6204.61
2659 1453.04 6576.93
2660 1384.43 6167.86
2661 1440.04 6808.87
2662 1466.5 6426.26
2663 1397.45 6230.76
2664 1389 5731.22
2665 1396.15 6239.14
2666 1425.79 6728.4
2667 1476.17 6048.33
2668 1396.2 6262.41
2669 1384.76 6028.98
2670 1449.38 6662.2
2671 1356.52 5422.48
2672 1342.12 5544.43
2673 1330.58 5228.67
2674 1461.93 6195.49
2675 1399.47 6433.16
2676 1577.15 6696.43
2677 1421.73 6636.79
2678 1434.79 6121.2
2679 1081.94 3029.76
2680 1464.72 6264.86
2681 1338.95 5675.01
2682 1430.94 6219.74
2683 1399.23 6427.53
2684 1319.72 5418.29
2685 1307.6 5236.2
2686 1339.17 5572.1
2687 1397.94 6012.69
2688 1505.32 6168.79
2689 1398.64 6270.74
2690 1349.63 5126.28
2691 1462.18 6800.01
2692 1414.08 5764.24
2693 1442.94 6549.15
2694 1471.68 6512.09
2695 1447.74 6706.82
2696 1109.04 3047.5
2697 1364.85 5744.55
2698 1102.48 3103.45
2699 1380.06 5872.19
2700 1370.94 5790.53
2701 1334.93 5668.78
2702 1343.87 5597.15
2703 1450.78 5627.83
2704 1311.99 5221.28
2705 1349.79 5524.64
2706 1369.23 5893.63
2707 1415.84 6586.87
2708 1221.67 3832.08
2709 1467.15 6898.13
2710 1345.15 5403.24
2711 1396.02 6374.05
2712 1358.81 5131.08
2713 1290.98 5126.81
2714 1267.55 4391.75
2715 1503.61 6694.83
2716 1407.33 5815.27
2717 1349.25 5686.63
2718 1455.24 6386.16
2719 1328.19 5290.58
2720 1385.45 5917.74
2721 1334.51 5180.92
2722 1148.57 3192.72
2723 1135.55 3066.58
2724 1388.3 6161.71
2725 1367.86 5746.62
2726 1352.34 5983.87
2727 1462.38 5859.84
2728 1422.86 5735.11
2729 1435.33 6701.25
2730 1391.82 6436.22
2731 1371.79 5895.29
2732 1512.43 6538.72
2733 1100.66 3067.98
2734 1513.61 6671.77
2735 1394.51 6228.33
2736 1425.91 5864.3
2737 1373.77 5686.61
2738 1406.17 6455.23
2739 1437.86 6423.32
2740 1436.98 6609.9
2741 1421.58 6481.26
2742 1479.71 7239.73
2743 1290.05 5088.94
2744 1298.8 5417.67
2745 1457.57 6794.48
2746 1417.41 6245.89
2747 1444.94 6467.59
2748 1401.36 6497.44
2749 1365.25 5968.64
2750 1421.1 6620.88
2751 1429.75 6808.25
2752 1530.93 7018.72
2753 1431.2 6702.67
2754 1364.35 5269.04
2755 1362.78 5418.51
2756 1429.91 6483.38
2757 1453.71 6651.56
2758 1424.88 6428.53
2759 1435.42 6638.22
2760 1488.79 6761.36
2761 1413.53 6302.37
2762 1441.93 6747.71
2763 1489.2 6749.71
2764 1374.68 6116.72
2765 1339.2 5428.35
2766 1524.44 7155.89
2767 1394.48 5898.62
2768 1359.9 5658.72
2769 1486.56 7203.65
2770 1472.39 6975.39
2771 1310.69 5541.48
2772 1116.79 3109.78
2773 1415.38 6659.28
2774 1385.23 5995.88
2775 1273.95 4826.02
2776 1381.16 6174.45
2777 1425.18 6497.29
2778 1306.24 5374.06
2779 1361.09 5812.75
2780 1441.03 6422.77
2781 1415.39 6627.8
2782 1358.02 6060.37
2783 1415.08 6344.36
2784 1316.44 5373.09
2785 1456.06 6858.99
2786 1416.76 6694.6
2787 1282.97 4788.77
2788 1285.1 5039.74
2789 1435.71 6847.25
2790 1406.72 6567.96
2791 1435.28 6831.06
2792 1372.5 5584.95
2793 1267.35 5133.85
2794 1396.53 6441.8
2795 1407.33 6554.68
2796 1489.14 6906.61
2797 1425.11 6256.81
2798 1417.66 6637.28
2799 1407.02 6242.35
2800 1355.35 6040.86
2801 1333.31 5673.58
2802 1426.12 6995.87
2803 1566.97 6477.08
2804 1375.55 6390.3
2805 1122.38 3263.61
2806 1355.4 5902.84
2807 1365.66 6003.92
2808 1451.61 6508.46
2809 1411.35 6382.14
2810 1438.64 6966.73
2811 1319.92 5416.14
2812 1397.72 6371.77
2813 1380.32 5743.82
2814 1347.96 5368.83
2815 1236.61 4068.73
2816 1400.04 6407.56
2817 1406.45 5904.28
2818 1395.49 6500.83
2819 1409.36 6628.49
2820 1334.09 5570.91
2821 1374.06 5811.73
2822 1452.48 7048.92
2823 1324.45 5591.42
2824 1464.15 6687.13
2825 1349.36 5656.35
2826 1316.76 5464.61
2827 1406.69 6436.79
2828 1533.77 6694.21
2829 1403.41 6283.07
2830 1375.33 6065.05
2831 1116.12 3177.23
2832 1330.2 5830.62
2833 1506.24 7168.64
2834 1386.98 5709.34
2835 1293.33 5276.06
2836 1330.16 5720.2
2837 1424.98 6495.72
2838 1348.74 6082.73
2839 1349.4 5855.45
2840 1434.37 6414.1
2841 1383.92 6246.55
2842 1407.3 6494.06
2843 1385.23 6552.75
2844 1376.56 5943.53
2845 1429.37 6873.22
2846 1318.11 5816.67
2847 1404.59 5507.86
2848 1298.43 5284.87
2849 1400.88 5232.22
2850 1571.83 7099.86
2851 1338.49 5377.25
2852 1316.71 5267.82
2853 1353.89 5908.22
2854 1469.68 7111.78
2855 1411.96 6632.93
2856 1418.3 6784.52
2857 1467.17 6880.34
2858 1442.11 6320.88
2859 1352.06 5728.15
2860 1345.66 5557.65
2861 1453.53 6667.32
2862 1357.4 5933.67
2863 1453.7 6877.68
2864 1336.64 5667.87
2865 1388.88 6441.24
2866 1382.58 6419.71
2867 1319.44 5690.23
2868 1427.35 6477.19
2869 1366.82 6313.38
2870 1392.08 6488.06
2871 1272.14 5077.21
2872 1398.54 6167.21
2873 1355.12 6084.92
2874 1423.93 6409.92
2875 1379.51 6111.43
2876 1530.02 8109.85
2877 1292.88 5327.55
2878 1417.18 6512.5
2879 1319.38 5353.31
2880 1431.78 6942.15
2881 1468.41 7080.48
2882 1427.59 6709.87
2883 1391.85 6414.36
2884 1336.24 5837.48
2885 1369.93 6215.97
2886 1121.13 3554.98
2887 1412.71 5539.93
2888 1425.11 6650.78
2889 1113.05 3234.8
2890 1098.93 3207.99
2891 1303.54 5464.24
2892 1416.69 6519.46
2893 1126.82 3360.88
2894 1239.89 4473.55
2895 1231.19 4727.99
2896 1408.1 5698.48
2897 1415.65 6587.3
2898 1423.91 6767.99
2899 1299.94 5425.32
2900 1117.38 3161.15
2901 1301.07 5412.8
2902 1436.51 7108.28
2903 1389.65 6413
2904 1499.3 7065.39
2905 1404.04 6530.47
2906 1406.88 6623.08
2907 1384.38 6301.39
2908 1400.76 6565.31
2909 1380.98 6164.7
2910 1471.07 6885.82
2911 1327.09 5776.46
2912 1374.28 6428.24
2913 1372.13 6181.94
2914 1303.43 5306.99
2915 1316.37 5575.65
2916 1424.69 6948.7
2917 1305.27 5296.4
2918 1439.1 6899.3
2919 1363.71 5528.31
2920 1403.61 7061.84
2921 1327.18 5849.69
2922 1304.59 5459.26
2923 1403.08 6925.01
2924 1390.02 5557.81
2925 1300.19 5083.3
2926 1272.28 5054.81
2927 1306.05 5298.23
2928 1268.14 5138.55
2929 1386.94 6485.18
2930 1365.62 5725.6
2931 1301.98 5224.89
2932 1296.04 5227.91
2933 1290.47 5476.48
2934 1307 5421.63
2935 1297.84 5164.94
2936 1420.18 6510.35
2937 1293.81 5611.61
2938 1400.01 5881.06
2939 1236.31 4773.1
2940 1400.09 6916.32
2941 1403.29 5097.77
2942 1366.83 6313.76
2943 1303.52 5513.23
2944 1258.96 5123.24
2945 1302.24 5441.79
2946 1390.04 6763.07
2947 1427 7504.47
2948 1278.12 5127.48
2949 1410.96 6273.08
2950 1359.26 5945.14
2951 1401.46 6244.88
2952 1346.85 5697.04
2953 1397.8 6842.31
2954 1498.13 6867.21
2955 1385.84 6344.05
2956 1331.81 5422.37
2957 1385.22 6482.72
2958 1350.26 5788.68
2959 1421.95 6933.36
2960 1328.58 5712.69
2961 1275.33 5237.92
2962 1385.55 6396.56
2963 1323.27 5557.34
2964 1289.36 5281.6
2965 1319.89 5334.23
2966 1381.64 6401.49
2967 1320.75 5434.2
2968 1450.23 6921.81
2969 1465.53 7896.2
2970 1303.86 5350.89
2971 1384.61 6491.93
2972 1338.57 5444.9
2973 1381.29 6323.56
2974 1303.26 5834.48
2975 1318.77 5478.43
2976 1371.48 6721.21
2977 1291.09 5524.91
2978 1407.83 6569.3
2979 1401.14 6481.87
2980 1262.17 4985.09
2981 1402.88 6897.37
2982 1376.23 6385.48
2983 1322.59 5341.16
2984 1384.45 6516.48
2985 1373.58 5528.26
2986 1331.78 5974.81
2987 1364.39 5247.54
2988 1401 6394.68
2989 1412.97 7172.25
2990 1294.84 5509.23
2991 1412.71 6872.8
2992 1283.14 5273.36
2993 1401.31 6495.21
2994 1405.5 6554.37
2995 1394.99 5952.25
2996 1441.77 6771.54
2997 1333.06 5796.26
2998 1407.78 6591.5
2999 1315.99 5731
3000 1383.07 6506.41
3001 1317.94 5646.94
3002 1375 6495.24
3003 1334.33 5789.62
3004 1358.56 6351.46
3005 1311.38 5792.48
3006 1460.44 7028.85
3007 1185.04 4111.12
3008 1379.73 6276.18
3009 1386.72 6542.1
3010 1392.68 6356.69
3011 1336.57 5886.86
3012 1310.03 5608.95
3013 1348.03 6100.44
3014 1361.63 5739.25
3015 1367.94 6283.99
3016 1306.37 5527.15
3017 1351.07 6450.89
3018 1321.86 5596
3019 1363.92 6329.77
3020 1294.42 5342.93
3021 1406.48 6901.12
3022 1323.93 5627.98
3023 1428.09 7114.61
3024 1309.08 5337.39
3025 1266.6 5064.28
3026 1482.66 6222.45
3027 1113.34 3405.09
3028 1311.98 5285.23
3029 1416.83 6419.72
3030 1417.25 7376.09
3031 1274.84 5396.35
3032 1365.05 6245.34
3033 1292.71 5542.56
3034 1335.97 6087.82
3035 1296.31 5513.5
